	AHR	ARID3A	ARID5B	ARNT	ASCL2	ATF3	ATF4	ATF5	BATF	BATF3	BBX	BCL11A	BHLHE41	CDC5L	CEBPD	CEBPG	CEBPZ	CREB3	CREB3L2	CREM	CUX1	DBP	DDIT3	DNMT1	DNTTIP1	EGR2	EPAS1	ETS2	ETV5	FOS	FOXO3	GTF3A	HBP1	HES6	HIF1A	HLX	HMG20B	HMGA1	HMGN3	IRF1	IRF2	IRF3	IRF5	IRF7	IRF8	IRF9	JUN	JUNB	JUND	KLF10	KLF3	KLF6	LCORL	LYL1	MAFB	MAFF	MBD2	MECP2	MEF2A	MITF	MSANTD3	MSC	MTF1	MTF2	MXD1	MXD4	NFAT5	NFE2L1	NFE2L2	NFIC	NFKB1	NFKB2	NR1H3	NR3C1	PKNOX1	PLSCR1	POU2F2	PPARG	RBPJ	REL	RELA	RELB	RREB1	RUNX1	SNAI3	SOX4	SP3	STAT1	STAT2	STAT3	STAT4	STAT5A	TCF4	TCF7L2	TFDP2	TFEB	TFEC	TGIF1	THAP1	TSC22D1	XBP1	XPA	YBX1	YBX3	YY1	ZBTB43	ZEB2	ZHX1	ZNF143	ZNF267	ZNF274	ZNF281	ZNF322	ZNF350	ZNF37A	ZNF385A	ZNF394	ZNF444	ZNF580	ZNF75A	ZNF780A
AGE/RAGE_pathway	1	1	1	1	1	0.0194265026195	1	1	0.0472240758404	1	1	0.0702690960001	1	1	1	1	1	1	0.0306407281761	1	1	0.0589265944465	1	1	1	1	1	0.0300823669357	0.066165076456	0.00477838689365	1	1	1	1	1	1	1	0.0203131185816	1	1	1	0.0508558398974	1	1	1	1	1	0.0461887880197	1	0.0306407281761	1	0.0396710095149	0.0337437286673	0.0369492511221	1	1	1	1	1	0.0704051069595	1	1	1	1	1	1	1	1	0.029710582708	1	1	0.0248121833789	0.0766266298856	0.0022024526422	0.0319070798115	1	0.0822402591906	0.00612493516392	1	1	0.023185155511	0.0337437286673	1	1	1	1	1	1	0.00580680383222	1	0.0404989938646	0.0341064598804	1	1	1	1	1	1	1	1	1	1	0.00806186192739	1	0.074569440369	1	1	1	1	1	1	1	1	1	1	1	1	1	1	1	1
ATM_Signaling_Pathway	1	1	1	1	1	0.0569877739296	1	1	1	1	1	1	1	1	1	1	1	1	1	1	1	1	1	1	1	0.0708073851199	1	1	1	1	1	1	1	1	1	1	1	1	1	1	1	1	1	1	1	1	1	1	1	1	1	1	1	1	1	1	1	1	1	1	1	1	1	1	1	1	1	1	1	1	1	1	1	1	1	1	1	1	1	1	1	1	1	1	1	1	0.0209274480117	1	1	1	1	1	1	1	1	1	1	1	1	1	1	1	1	1	1	1	1	1	1	1	1	1	1	1	1	1	1	1	1	1	1
Adipogenesis	0.0647834366872	1	1	1	1	0.0642528594987	1	1	1	0.0627445886548	1	0.0642528594987	1	1	1	1	1	1	1	1	1	1	0.00390756489305	1	1	0.000325319444487	1	0.0655024542894	0.0267998351358	1	1	1	1	1	0.0416419477601	1	1	0.0215192636341	1	1	1	1	1	1	1	0.0838394478128	1	0.0113456502734	1	1	1	1	1	1	0.0969763747498	0.0789109322621	1	1	1	1	1	1	1	1	0.0517757159696	1	1	0.0740617928768	1	1	1	1	0.0547936331446	1	0.038409170103	1	0.0791784850894	1	1	1	1	0.0975852134203	1	1	1	1	0.0816662688906	1	1	1	1	1	1	1	1	1	1	0.051963290934	1	0.0222625099168	1	1	1	0.0134873745005	1	1	1	0.0274327198618	0.0838955135467	1	1	1	0.0305368295458	1	1	1	0.028434145919	1	1	0.0441814574698	1
Aflatoxin_B1_metabolism	1	1	1	1	1	1	1	1	1	1	1	1	1	1	0.00125563641332	1	1	1	1	1	1	1	1	1	1	1	1	1	1	1	1	1	1	1	1	1	1	0.06530502836	1	1	1	1	1	1	1	1	1	1	1	1	1	1	1	1	1	1	1	1	1	1	1	1	1	1	1	1	1	1	1	1	1	1	1	1	1	1	1	1	1	1	1	1	1	1	1	1	1	1	1	1	1	1	1	1	1	1	1	1	1	1	1	1	1	1	1	1	1	1	1	1	1	1	1	1	1	1	1	1	1	1	1
Allograft_Rejection	0.00812535560642	1	0.0524735205738	1	0.0275303321265	0.00161029720444	1	1	1	0.0207196600097	0.00066931687576	1	1	1	1	1	1	1	0.0181954608346	1	1	1	1	0.0170704676645	1	0.00300948810981	1	0.00294550549979	1	0.0619472399347	0.0922423043821	1	1	1	0.054323750295	0.0618900723694	1	0.0603952894402	1	1	1	1	0.0489263774029	0.0157432305944	0.0171777164242	0.0875887780273	0.015240992745	1	1	1	1	0.0237808563147	1	1	1	1	1	1	0.00166671266214	1	1	1	1	1	1	1	0.0233081600331	1	0.0028687194465	1	1	1	0.000472895613215	0.00481243634051	0.00305511505956	1	0.0454405542688	0.0335425706517	0.00343667463782	1	0.0442158079125	1	1	1	1	0.0599963293915	1	0.0537214865361	1	0.000785361015247	0.018959460266	0.00262658619679	1	1	1	0.024543702089	1	1	1	1	0.0233081600331	1	0.0142822895706	1	0.0524735205738	1	1	1	1	1	1	1	1	1	1	1	1	1	1	0.049460536642	1
Alzheimers_Disease	1	1	1	1	1	1	1	1	1	1	1	1	1	1	1	1	0.0181435466488	1	1	1	1	0.0398548070998	1	1	1	1	1	1	1	1	1	1	1	1	1	1	1	1	1	1	1	1	1	1	1	1	1	1	1	1	1	1	1	1	1	1	1	1	1	1	1	1	1	0.0132272549323	1	1	0.0226896722651	1	1	1	1	1	1	1	1	1	1	1	1	1	1	1	1	0.0682427838925	0.00900070697425	1	1	1	1	1	1	1	1	1	1	1	1	1	1	1	1	1	1	1	1	1	1	1	1	1	1	1	1	1	1	1	1	0.0854871446855	1	1	1
Amyotrophic_lateral_sclerosis_(ALS)	1	1	1	1	1	1	1	1	1	1	1	1	1	1	1	1	1	1	1	1	1	1	1	1	1	1	1	1	1	1	1	1	1	1	1	1	1	1	1	0.0614799995054	1	1	1	1	1	1	1	1	1	1	1	1	1	1	1	1	1	1	1	0.0010722487277	1	1	1	1	1	1	1	1	1	1	1	1	1	1	1	0.0189526948563	1	1	1	1	1	1	1	1	1	0.0938200319843	1	1	1	1	1	1	1	1	1	1	1	1	1	1	1	1	1	1	1	1	1	1	1	1	1	1	1	1	1	1	0.0733512156634	1	1	1	1
Androgen_receptor_signaling_pathway	0.0252879592551	1	1	1	1	1	1	1	1	1	1	1	1	1	1	1	0.00652352259093	1	1	1	1	1	0.0754238242295	1	1	1	1	1	0.00100403324829	1	1	0.0750128359087	1	1	1	1	0.0685674556092	1	1	1	1	1	1	1	1	1	1	1	1	1	1	1	1	1	1	1	1	1	1	1	1	1	1	1	1	1	1	1	1	1	1	1	1	1	1	1	1	1	1	1	1	1	1	1	1	1	1	1	1	1	1	1	1	1	1	1	1	1	1	1	1	1	1	1	1	1	1	1	1	1	1	1	1	1	1	1	1	1	1	1	1
Angiogenesis	1	1	1	1	1	0.0688280983818	1	1	1	1	1	1	1	1	1	1	1	1	1	1	1	1	1	1	1	0.0852117694588	1	0.0263443494967	0.0271333961539	1	0.0506314586116	1	1	1	0.0337437286654	1	1	0.0133432945286	1	1	1	1	1	1	1	1	1	1	1	0.0151596291805	1	1	1	1	1	0.0100760124855	1	1	0.0391239850347	1	1	1	1	1	1	1	1	1	1	1	1	1	0.0238742443405	0.0536943999734	0.0821727955588	1	0.0100651720524	0.0219186291352	1	1	1	1	1	1	1	1	1	1	1	0.00156672353776	0.0147183951727	0.0164122301005	1	1	1	0.00587461542073	1	1	1	1	1	1	0.0852117694588	1	1	1	1	1	1	1	1	1	1	1	1	1	1	1	1	1	1
Apoptosis	1	0.0393858306965	1	1	0.0763041583759	0.00298055438871	1	1	1	0.0914511610148	1	0.0123087333801	1	1	1	0.0792238807708	0.0063828987097	1	1	1	0.0189179214331	0.0970583128441	1	1	0.0189179214331	1	1	0.0714292228838	1	0.0476576251937	1	0.0730594390312	1	1	1	1	0.0667632038268	0.00925537763457	1	0.000558953187735	1	1	1	0.00164147233019	0.0494890205378	0.00484462972635	1	0.0256905747201	1	1	1	0.0667632038268	0.00519462122768	1	1	1	1	1	1	0.0162506847174	1	1	1	1	1	1	1	1	0.00107981857868	1	1	0.016437388184	1	0.0864579988417	0.0162396683797	1	0.015795853069	0.0543073867164	1	0.0284204067382	0.0151719520109	1	1	1	1	0.00216975961064	1	0.0348659558214	0.000896674271748	0.00830100410529	0.029274524991	1	1	1	0.0589576975335	1	1	1	1	1	1	1	0.0666877848636	1	1	1	1	1	0.032581342519	1	0.0177611176244	1	0.0792238807708	1	1	1	1	0.0730594390312	1	1	1
Apoptosis-related_network_due_to_altered_Notch3_in_ovarian_cancer	1	0.0695253995017	0.0403276446983	0.0814458648622	1	0.098054873471	1	0.0206336069963	1	0.000382356809455	1	1	1	1	1	1	1	1	1	1	1	0.0246601907213	0.0270578667197	1	1	0.0355929354948	1	0.00124549736752	0.00409058638656	1	1	0.00219662642999	1	1	1	0.0477122627302	1	0.0329535669781	1	0.00220438566396	1	1	1	0.00865809819565	1	1	1	0.0150963327642	1	0.0845194984243	1	1	1	0.0194438197475	1	1	1	1	0.00301731626818	1	1	1	1	1	1	1	1	1	0.00109693475059	1	1	0.00609980635607	0.000997602589881	0.0150963327642	4.45985679499e-05	1	0.0286428673463	0.000822385104066	1	1	1	1	1	1	1	0.0418541444383	1	0.0314131239751	1	0.0101824705605	0.0105081850738	1	0.0314415623117	1	1	0.0707678022656	0.0451987620019	1	1	1	1	1	1	1	1	1	1	0.00447988326972	0.0610084527872	1	0.00382532134305	1	1	1	1	1	0.0290824656564	1	1	1	1
Apoptosis_Modulation_by_HSP70	1	1	1	1	1	0.0750254951832	1	1	1	1	1	1	1	1	1	1	1	1	1	1	1	1	1	1	1	1	1	1	1	1	1	1	1	1	1	1	1	1	1	1	1	1	1	1	1	1	1	1	1	1	1	1	1	1	1	1	1	1	1	1	1	1	1	1	1	1	1	1	0.0549561218061	1	1	0.0837214947688	1	1	0.0923457715064	1	0.0824602261966	1	1	1	1	1	1	1	1	1	1	1	1	1	1	1	1	1	1	1	1	1	1	1	1	1	1	1	1	1	1	1	1	1	1	1	1	1	1	1	1	1	1	1	1
Arrhythmogenic_right_ventricular_cardiomyopathy_(ARVC)	1	1	0.0800338027281	1	1	1	1	1	1	1	1	1	1	1	1	1	1	1	1	1	1	1	1	0.00197401209191	1	1	1	1	1	1	1	1	0.00602873838352	1	1	1	1	1	1	1	1	1	1	1	1	1	1	1	1	1	1	1	1	1	1	1	1	1	1	1	1	1	1	1	1	1	1	1	1	1	1	1	1	1	1	1	1	1	1	1	1	1	1	1	1	1	1	1	1	1	1	1	1	0.0363710002081	1	1	1	1	1	1	1	1	1	1	1	1	1	1	1	0.0114973675111	1	1	1	1	1	0.00329411610394	1	1	1	1	1
Aryl_Hydrocarbon_Receptor	1	0.00524352513795	1	1	0.0792862905626	0.0124712491033	1	0.0122352884915	1	0.000109056724126	1	0.0620130076041	1	1	1	0.0202428075328	1	1	1	1	1	0.0946721074292	0.00116158535849	1	1	0.00337545460927	1	0.0114785756567	1	1	0.0405076692289	1	1	1	1	1	6.80211155724e-05	0.00330350156147	1	0.0250662551711	1	1	1	1	1	1	1	0.0439704590072	0.0217454450611	1	1	1	0.0122215322592	1	0.0428000395162	0.0039452005185	1	1	0.0756167981904	1	1	1	1	1	1	1	1	0.00365525774616	0.00738049011092	1	0.0146999976776	0.0721512384507	0.0425600023212	1	0.00530480473068	1	1	1	0.00583640562557	1	0.0691814193041	1	1	1	1	0.00357396725192	0.0973159320763	0.0572918982879	1	1	0.09790465385	1	1	1	1	0.00768745461253	1	1	1	0.0147002450836	1	1	1	1	0.0281982733762	1	0.00105817156028	1	1	1	1	1	1	1	1	1	0.017427694537	1	1	0.00199064276892	1
Aryl_Hydrocarbon_Receptor_Pathway	1	0.00677194274574	1	1	1	0.0029646455089	1	0.0156619872784	1	1	1	1	1	1	1	1	1	1	1	1	1	1	1	1	1	1	1	0.0630799978309	1	1	1	1	1	0.000837077149462	1	0.0395644102647	0.0122182231166	0.0208499303024	1	1	1	1	1	1	1	1	1	1	1	1	1	1	1	1	0.0536870014382	0.0484328073871	1	1	0.0301625153958	1	1	1	1	1	1	1	1	0.046152520101	1	1	1	1	0.0563733468141	0.0105855202535	0.0881538698945	1	0.00375499651715	1	0.0454613573471	1	0.0858047281792	1	1	1	1	1	1	1	1	1	0.00680745568938	0.0759971829913	1	1	1	0.0551237174691	1	1	1	1	1	1	1	1	1	1	0.00149358259262	1	0.0507536559124	1	1	1	1	1	1	1	1	1	1	1	1
Arylhydrocarbon_receptor_(AhR)_signaling_pathway	1	0.0232931433145	1	1	1	0.00287684371619	1	0.00391341877036	1	1	1	1	1	1	1	1	1	1	1	1	1	1	0.00861240788691	1	1	0.0302439896739	1	1	0.0505313794127	1	0.0917914920558	1	1	1	1	1	0.000187079023764	1	1	1	1	1	1	1	1	1	1	1	1	1	1	1	1	1	0.0952847676255	0.0192856151379	1	1	0.0901685000337	1	1	1	1	1	1	1	1	0.0183344081659	1	1	1	1	0.0571563523283	0.0970460789743	1	1	0.0253409446567	1	1	1	1	1	1	1	1	1	0.0477272445497	1	1	1	0.00578849985945	1	1	1	1	0.0970460789743	1	1	1	1	1	1	1	1	1	1	0.000216838177515	1	0.0202573372366	1	1	1	1	1	1	1	1	1	1	0.0122714707388	1
BCL-XL_prevents_the_binding_of_truncated_BID_to_BAX._This_is_prevented_by_BAD._BAD_can_displace_tBID_from_BCL-XL.___	1	1	1	1	0.0824630287728	0.0143382151423	1	1	1	1	1	1	1	1	1	0.0838838740987	1	1	1	1	1	1	1	1	1	1	1	1	1	0.0527112582505	1	1	1	1	1	1	1	1	1	0.0993790211584	1	0.0783538096833	1	1	1	1	1	0.0949094705325	1	1	1	0.07224273127	1	1	1	1	1	1	1	0.0177519508643	1	1	1	1	1	1	1	1	0.0374269850118	1	1	0.0190813989013	1	0.0949094705325	1	1	1	1	1	0.030950911842	1	1	1	1	1	1	1	1	0.0590701221765	1	0.0337183573157	1	0.00788898948311	1	1	1	1	1	1	1	1	1	0.0746479787854	1	0.019393373583	1	1	1	1	1	0.019393373583	1	0.0838838740987	1	1	1	1	1	1	0.0177519508643	1
BDNF_signaling_pathway	1	1	1	1	1	1	1	1	1	1	1	1	1	1	1	1	1	1	1	1	1	1	1	0.0865998991894	1	1	1	1	1	0.00637299433561	1	1	1	1	1	1	1	1	1	1	1	1	1	1	1	1	1	0.0536047259054	1	1	1	0.00376867655147	1	1	1	0.0982042583977	1	1	1	1	1	1	0.0923366704951	1	1	1	1	1	1	1	1	1	1	0.0536047259054	1	1	1	0.0733328108672	1	1	1	1	1	1	1	1	0.0338810109837	1	1	1	1	1	1	1	1	1	1	1	1	1	1	1	1	1	1	1	1	1	1	1	1	1	1	1	1	1	1	0.0718261859408	1	1	1
Benzo(a)pyrene_metabolism	1	1	1	1	1	1	1	1	1	1	1	1	1	1	1	1	1	1	1	1	1	1	1	1	1	1	1	1	1	1	1	1	1	1	1	1	1	1	1	1	1	1	1	1	1	1	1	1	1	1	1	1	1	1	1	0.00201388298822	1	1	1	1	1	1	1	1	1	1	1	1	1	1	1	1	1	1	1	1	1	1	1	1	1	1	1	1	1	1	1	1	1	1	1	1	1	1	1	1	1	1	1	1	1	1	1	1	1	1	1	1	1	1	1	1	1	1	1	1	1	1	1	1	1
Bladder_Cancer	1	1	1	1	1	0.0287752281669	1	1	1	1	1	1	1	1	1	1	0.000788389883754	1	1	1	1	1	1	1	1	1	1	1	0.060649221224	1	1	0.0447405735646	1	1	1	1	0.0417790572993	1	1	1	1	1	1	1	1	1	1	1	1	1	1	1	0.0067789439077	1	1	1	1	1	1	1	1	1	1	1	1	1	1	0.0222392112926	1	1	1	1	0.0732811004342	1	1	1	1	1	1	1	1	1	1	1	1	0.0800338027291	0.0573279576522	1	1	1	1	1	1	1	0.00817762795871	1	1	1	1	0.0556925534813	1	0.00203268297034	1	1	1	1	1	1	1	1	1	1	1	1	1	1	1	1	1	1	1
Calcium_Regulation_in_the_Cardiac_Cell	1	1	1	1	1	1	1	1	1	1	1	1	1	1	1	1	1	1	1	1	1	1	1	1	1	1	1	1	1	1	1	1	1	1	1	1	1	0.0906937554509	1	1	1	1	1	1	1	1	1	1	1	1	1	1	1	1	1	0.00500138133345	1	0.0635896672439	0.0546868665121	1	1	1	1	1	1	1	1	1	1	1	1	1	1	1	1	1	1	1	1	1	1	1	1	1	1	1	1	1	1	1	1	1	1	1	1	1	1	1	1	1	1	1	1	1	1	1	1	1	0.0278131196529	1	1	1	1	1	0.0719748203743	1	1	1	1	1	1
Cell_Cycle	1	1	1	1	1	1	1	1	1	1	1	1	1	1	1	1	0.00896627979874	1	1	1	1	1	1	1	1	1	1	1	1	1	1	1	1	1	1	1	1	1	1	1	1	1	1	1	1	1	0.0678473674846	1	1	1	1	1	0.067703573258	1	1	1	1	1	1	1	1	1	1	1	1	1	1	1	1	1	1	1	1	1	1	1	1	1	1	1	1	1	1	1	1	1	0.0435215303814	1	1	1	1	1	1	1	0.0800842284893	1	1	1	1	1	1	0.0222025206964	1	1	1	1	1	1	1	1	1	1	1	1	1	1	1	1	1	1	1
Cholesterol_Biosynthesis	1	1	1	1	1	1	1	1	1	1	1	1	1	1	1	1	1	1	1	1	1	1	1	1	1	0.00763070029038	1	1	0.0199114371742	1	0.00332607743391	1	1	1	1	1	1	1	1	1	1	1	1	1	1	1	1	1	1	1	1	1	1	1	1	1	1	1.21214634827e-05	0.0253749794515	1	1	1	1	1	1	1	1	1	1	1	1	1	1	1	1	1	1	0.0139785989576	1	1	0.00615653783537	1	1	1	1	1	1	1	1	1	1	1	1	0.00205127832301	1	1	1	1	1	1	1	1	0.0639393261918	1	1	1	1	1	1	1	1	1	1	1	1	1	1	1	1	1	1
Complement_Activation,_Classical_Pathway	1	1	1	1	1	1	1	1	1	0.0532030971732	1	0.0358441610066	1	1	1	1	1	1	1	1	1	1	1	1	1	1	1	0.000869674814721	0.0136599570015	1	1	1	1	7.45632464664e-05	1	1	1	0.00345222850524	0.00916104431828	1	1	4.04524664994e-05	1	1	1	1	1	1	1	1	1	1	1	1	0.0271071068776	1	1	1	0.000118694040299	1	1	1	1	1	1	1	1	1	0.00213122401993	1	1	1	0.000754168775299	0.00203584402713	0.00470467554768	1	1	1	0.0016245959673	1	1	1	1	0.000668677643288	1	1	1	1	1	1	0.0510675081219	8.02378059694e-06	1	1	1	1	1	1	1	1	1	1	1	1	1	1	0.00985447653837	1	1	1	1	1	1	1	1	1	1	1	1	1	1
Complement_and_Coagulation_Cascades	1	0.0134351791455	1	1	1	1	1	1	1	1	1	0.00161029720444	0.021138053551	1	0.049460536642	1	1	1	1	0.00204884113507	1	1	0.0354280027303	1	1	1	1	0.0122727941769	0.000919312888364	1	0.0922423043821	1	1	0.00137648418504	1	1	1	0.00169840391664	0.000349643783803	1	1	0.00310757500619	1	1	0.0171777164242	1	0.00175935247859	1	1	1	0.0408264264445	0.0237808563147	1	1	0.000729778117646	0.0752575059184	1	1	0.0244858705332	0.049460536642	1	1	1	1	1	1	0.0233081600331	1	0.010826888407	1	1	1	0.0103030797745	0.000772932123127	0.0318264330111	1	1	1	0.00050860995173	1	1	1	1	0.0116876134563	1	0.0599963293915	1	0.0537214865361	1	1	1	0.000263666798243	1	1	1	1	1	1	1	0.00581623224697	1	1	1	1	1	1	0.00375030492609	1	1	1	1	1	1	1	1	1	1	1	1	1	1
Constitutive_Androstane_Receptor_Pathway	1	1	1	1	1	1	1	1	1	1	1	1	1	1	1	0.012043333773	1	1	1	1	1	1	1	1	1	0.0426812935127	1	1	1	1	1	1	1	1	1	1	0.0442691573994	1	1	1	1	1	1	1	1	1	1	1	0.0129544662034	1	1	1	1	1	1	0.0248228324588	1	1	1	1	1	1	1	1	1	1	1	0.0016628389666	1	1	1	1	1	1	1	1	1	1	1	1	1	1	1	1	1	0.0845540528747	1	1	1	1	1	1	1	1	1	1	1	1	1	1	1	1	1	1	0.0168876099646	1	0.0473948912027	1	0.0260598144157	1	1	0.00651830457111	1	1	1	1	1	1	1	1	1
Corticotropin-releasing_hormone	1	1	1	1	1	1	1	1	1	1	1	1	1	1	1	1	1	1	1	1	1	0.0970583128441	1	1	1	1	1	1	1	1	1	1	1	1	1	1	1	1	1	1	1	1	1	1	1	1	1	1	1	1	1	0.0667632038268	1	1	1	1	1	1	1	1	1	1	1	1	1	1	1	1	1	1	1	1	1	1	1	1	1	1	1	1	1	1	1	1	1	1	1	1	1	1	1	1	1	1	1	1	1	1	1	1	1	1	1	1	1	1	1	1	1	1	1	1	0.0792238807708	1	1	1	1	1	1	1	1
Cytochrome_P450	1	1	1	1	1	1	1	1	1	1	1	1	0.0017442821541	1	1	0.0441674042919	1	1	1	1	1	1	1	1	1	1	1	1	1	1	1	1	1	1	1	1	1	1	1	1	1	1	1	1	1	1	1	1	1	1	1	1	1	1	1	1	1	1	1	1	1	0.0945300318448	1	1	1	1	1	1	1	1	1	1	1	1	1	1	1	1	1	0.0827083195243	1	1	1	1	1	1	1	1	1	1	1	1	1	1	1	1	1	1	1	0.044094625202	1	1	1	1	1	1	0.0323822129771	1	1	1	1	1	1	0.00161854514222	1	1	1	1	1	1	1
Cytokines_and_Inflammatory_Response	1	1	0.00969468717396	1	1	0.0946013036413	1	1	1	1	1	1	1	1	1	1	1	1	1	1	1	1	1	1	1	1	1	1	1	1	1	1	1	1	1	1	1	1	0.0259823905772	1	1	1	1	1	1	1	1	1	1	0.0214963342612	1	1	1	1	0.0729456961544	1	1	1	0.062176546739	1	1	1	1	1	1	1	1	1	1	1	1	1	0.0386766576807	0.0743317980715	1	1	1	1	1	1	1	1	1	1	1	1	1	1	1	1	1	1	1	1	1	0.0743317980715	0.0109431590416	1	1	1	1	1	1	1	1	1	1	1	0.0150875298098	1	1	1	1	1	1	1	1	1	1	0.00909612851575	1
DNA_Damage_Response	1	1	1	1	1	0.00444852053612	1	1	1	1	1	0.0702690960001	1	1	1	1	0.000100326029362	1	1	1	1	1	0.0508558398974	1	1	0.00806186192739	1	1	0.066165076456	1	1	1	1	1	1	1	1	1	1	1	1	1	1	1	1	1	1	0.0111065333761	1	1	1	1	0.00285074617559	1	1	1	1	1	1	1	1	1	1	1	1	1	1	0.0162789381519	1	1	1	0.084328552854	0.0766266298856	1	1	1	0.0822402591906	1	1	1	1	1	1	1	1	0.0959290455135	1	1	1	1	1	1	1	1	1	1	1	1	1	1	1	1	1	1	1	1	1	1	1	1	0.074569440369	1	1	1	1	1	1	1	1	1	1
DNA_Damage_Response_(only_ATM_dependent)	1	1	1	1	1	1	1	1	1	1	1	1	1	1	1	1	0.00596965725282	1	1	1	1	1	0.0696768056336	1	1	1	1	1	1	1	1	1	1	1	1	1	1	1	1	1	1	1	1	1	1	1	1	0.078396119475	1	1	1	1	0.0466531459822	1	1	1	1	1	1	1	1	1	1	1	1	1	1	1	1	1	1	1	1	1	1	1	0.0465247786119	1	1	1	1	1	1	1	1	1	1	1	1	1	1	1	1	1	1	1	1	1	1	1	1	1	1	1	1	1	1	1	1	1	1	1	1	1	1	1	1	1	1	1	1
Differentiation_Pathway	1	1	1	1	1	1	1	1	1	1	1	1	1	1	1	1	1	1	1	1	1	1	1	1	1	1	1	1	1	1	1	1	1	1	1	1	1	1	1	1	1	1	1	1	1	1	0.0653678516885	1	1	1	1	1	1	1	1	1	1	1	1	1	1	1	1	1	1	1	1	0.0479801122168	1	1	1	1	1	1	1	1	1	1	1	1	1	1	1	1	1	1	1	1	1	1	1	1	1	1	1	1	1	1	1	1	1	1	1	1	1	1	1	1	1	1	1	1	1	1	1	1	1	1	1	1	1
Diurnally_Regulated_Genes_with_Circadian_Orthologs	0.0040405789038	1	1	1	1	0.0029646455089	0.0333757012944	1	1	1	1	0.017023041635	1	1	0.0314061873854	1	1	1	1	1	1	1	1	1	1	0.0255033000427	1	0.016656771244	1	1	1	1	1	1	0.0289816461534	1	0.0842149705326	0.0208499303024	1	1	1	1	1	0.0276005697309	1	1	1	0.0551237174691	1	0.00925974721248	1	1	1	1	1	1	1	1	0.00163948412325	1	1	1	1	1	1	1	1	1	1	1	1	0.0893883028758	0.00299909137456	0.0551237174691	0.00221417261001	1	1	1	1	1	1	1	1	1	1	1	1	0.0751615128874	0.0203978537984	0.00113470740148	1	0.0759971829913	1	1	1	0.0105855202535	1	1	1	0.0187731316085	1	1	1	1	0.000173807471192	1	1	1	1	1	1	1	1	1	1	1	0.00296722602537	1	1	1	1
Dopamine_metabolism	1	1	1	1	1	1	1	1	1	1	1	1	1	1	1	1	1	1	1	1	1	1	1	1	1	1	1	1	1	1	1	1	1	1	1	1	1	1	1	1	1	1	1	1	1	1	1	1	1	1	1	1	1	1	1	1	1	1	1	1	1	1	1	1	1	1	1	1	1	1	1	1	1	1	1	1	1	1	1	1	1	1	1	1	1	1	1	1	1	1	0.0579292491559	1	1	1	1	1	1	1	1	1	1	1	0.050950110148	1	1	1	1	1	1	1	1	1	1	1	1	1	1	1	1	1	1
EBV_LMP1_signaling	1	1	1	1	1	0.0879220884421	1	1	1	1	1	1	1	1	1	1	1	1	1	1	1	0.0322633167529	1	1	1	1	1	0.00610794677294	1	0.00499794660399	1	1	1	1	1	1	1	1	1	1	1	1	1	1	1	1	1	1	1	1	1	0.0239769641818	1	1	1	1	1	1	0.0559276443098	1	1	1	1	1	1	1	1	1	0.0140422790771	1	1	0.000146182023024	1	0.0689606531147	0.00565312427171	1	1	0.0318579494055	1	2.14983759548e-05	0.0950430103024	0.00376070536336	1	1	1	1	1	0.0442992394067	0.0964874300598	1	0.00277154256478	1	0.0383292974398	1	1	1	1	1	1	1	1	1	0.0178608431307	1	1	1	1	1	1	1	1	1	0.00632435118512	1	1	1	0.0362612621017	1	1	1	1
EGF/EGFR_Signaling_Pathway	1	1	1	1	1	1	1	1	1	1	1	1	1	1	1	1	1	1	1	1	1	1	1	1	1	1	1	1	1	1	1	1	1	1	1	1	1	1	1	1	1	1	1	1	1	1	1	1	1	1	1	1	1	1	1	1	1	1	1	1	1	1	1	1	1	1	1	1	1	1	1	1	1	1	1	1	1	1	1	1	1	1	1	1	1	1	1	1	1	1	1	1	1	1	1	1	1	1	1	1	1	0.0518984738088	1	1	1	1	1	1	1	1	1	1	1	1	1	1	1	1	1	1	1
EPO_Receptor_Signaling	1	1	1	1	1	1	1	1	1	1	1	1	1	1	1	1	1	1	1	1	1	1	1	1	1	1	1	1	1	0.0685381455909	1	1	1	1	1	1	1	1	1	1	1	1	1	1	1	1	1	0.0970460789743	1	1	1	1	1	1	1	1	1	1	1	1	1	1	1	1	1	1	1	1	1	1	1	1	1	1	1	1	1	1	1	1	1	1	1	1	1	1	1	1	1	1	1	1	1	1	1	1	1	1	1	1	1	1	1	1	1	1	1	1	1	1	1	1	1	1	1	1	1	1	1	1	1
Eicosanoid_Synthesis	1	1	1	0.0159865833104	0.0224164327289	0.0750254951832	1	0.00168247052838	1	1	1	1	1	1	1	1	1	1	1	1	1	0.00204689080468	1	1	1	1	1	1	1	0.00383727327339	0.0553114637219	1	1	1	1	1	1	0.0755404737147	1	0.0175458934672	1	1	1	0.0966606467832	1	0.053135475692	1	1	1	1	1	1	1	1	0.0575191875672	1	1	1	1	1	1.39126099052e-06	1	1	1	1	1	1	1	1	1	1	1	1	0.0586347506076	0.0923457715064	1	1	0.00337222607323	0.0509918696144	1	0.0112735945031	1	1	1	1	1	0.0280404417803	0.00538102800567	1	1	1	1	1	1	1	0.0586347506076	0.00843116389296	0.00794049088466	1	1	1	1	1	1	1	1	1	1	1	1	1	0.00283032870695	1	1	1	1	1	1	0.000127402554845	1	1
Electron_Transport_Chain	1	1	1	0.0893883028706	1	1	0.00527411892316	0.00186250753671	1	1	1	1	1	1	1	1	1	1	1	1	1	1	1	1	0.0300827150262	1	1	1	1	1	1	1	1	1	1	1	1	1	1	1	1	1	1	1	1	0.0521115285526	1	1	1	0.0939452949212	1	0.031365612683	1	1	0.0609044672737	1	1	1	1	1	1	0.0641591444051	1	1	1	0.000229104844433	1	1	1	1	1	1	1	1	1	6.16084595068e-05	1	1	1	1	1	1	1	1	1	1	1	1	1	1	1	1	1	1	1	1	0.0397510918598	0.0367391974779	1	1	1	1	0.00656629843924	1	1	1	1	1	1	1	1	1	1	1	1	1	1	1	1	1	1
Endochondral_Ossification	1	1	1	1	1	1	1	1	1	1	1	1	1	1	0.0572036391843	1	1	1	1	1	1	1	1	1	1	1	1	1	1	1	1	1	1	1	1	1	1	1	1	1	1	1	1	1	1	1	1	1	1	1	1	1	1	1	1	0.0865951155554	1	1	1	1	1	1	1	1	1	1	1	1	1	1	1	1	1	1	1	1	1	1	1	1	1	1	1	1	1	1	1	1	1	1	1	0.025173122848	1	1	1	1	1	1	1	1	1	1	1	1	1	1	1	1	1	1	1	1	1	1	1	1	1	1	1	1	1
Endothelin_Pathways	0.0238391024736	1	1	0.0395644102649	1	1	1	1	1	1	1	1	1	1	1	1	1	1	1	1	1	0.00821676905579	1	1	1	1	1	0.0994233597331	1	1	1	1	1	1	1	1	1	1	1	1	1	1	1	1	1	1	1	1	1	1	1	1	1	1	1	1	1	1	1	1	1	1	1	1	1	1	1	1	1	1	1	1	1	1	1	1	1	1	1	1	1	1	1	1	1	1	1	1	1	1	1	1	1	1	1	1	1	1	1	1	1	1	1	1	1	1	1	1	1	1	1	1	1	1	1	1	1	1	1	1	1
ErbB_Signaling_Pathway	1	1	1	1	1	1	1	1	1	1	1	1	1	1	1	1	0.00256708720702	1	1	1	1	1	1	1	1	0.0476939695736	1	1	1	1	1	1	1	1	1	1	1	1	1	1	1	1	1	1	1	1	1	0.0881797215275	1	1	1	1	1	1	1	1	1	1	1	1	1	1	1	1	1	1	1	0.00821296010959	1	1	1	1	1	1	1	1	1	1	1	1	1	1	1	1	1	1	1	1	1	1	1	1	1	1	1	1	1	1	1	0.0314340509683	1	1	1	1	1	1	1	1	1	1	1	1	1	1	1	1	1	1	1	1	1
Estrogen_metabolism	1	0.00994799238471	1	1	1	1	1	0.0178537654632	1	1	1	1	1	1	1	1	1	1	1	1	1	1	1	1	1	1	1	1	1	1	1	1	1	1	1	1	0.000808271278224	1	1	1	1	1	1	1	1	1	1	1	1	1	1	1	1	1	1	0.00819285098367	1	1	1	1	1	1	1	1	1	1	1	1	0.0369292143578	1	1	1	1	1	1	1	1	1	1	1	1	1	1	1	1	1	1	1	1	1	1	1	1	1	1	1	1	1	1	1	1	1	1	1	1	1	0.0161117013491	1	1	1	1	1	1	1	1	1	1	1	1	1	1
Estrogen_signaling_pathway	1	1	1	1	1	1	1	1	1	1	1	1	1	1	1	1	1	1	1	1	1	1	1	1	1	1	1	1	1	1	1	1	1	1	1	1	1	1	1	1	1	1	1	1	1	1	1	1	1	1	1	1	1	1	1	1	1	1	1	1	1	1	1	1	1	1	1	1	1	1	1	1	1	0.0743317980715	1	1	1	1	1	1	1	1	1	1	1	1	1	1	1	1	1	1	1	1	1	1	1	1	1	1	1	1	1	1	1	1	1	1	1	1	1	1	1	1	1	1	1	1	1	1	1
FAS_pathway_and_Stress_induction_of_HSP_regulation	1	1	1	1	1	0.0516967534792	1	1	1	1	1	1	1	1	1	1	1	1	0.0527498169462	1	1	1	1	1	1	1	1	1	0.0905363581344	1	1	0.0674753200196	1	1	1	1	1	1	1	1	1	1	1	1	1	1	1	1	1	0.0527498169462	1	1	1	1	1	1	1	1	1	1	1	1	1	1	1	1	1	1	1	1	1	1	1	1	1	1	1	1	1	1	1	1	1	1	1	1	1	1	1	1	1	1	1	1	1	1	1	1	1	1	1	1	1	1	1	1	1	1	0.00343816873671	1	1	1	1	1	1	1	1	1	1	1	1
Fatty_Acid_Beta_Oxidation	1	1	1	1	1	1	1	1	1	0.0581921333544	1	1	1	1	1	1	1	1	1	1	1	1	1	1	1	1	1	1	1	1	1	1	1	1	0.0831269715818	1	1	1	0.0468133384119	1	1	1	1	1	1	1	1	1	1	1	1	1	1	1	1	1	1	1	1	1	1	1	1	1	1	1	1	1	1	1	1	1	1	1	1	1	1	1	1	1	1	1	1	1	1	1	0.064070291018	1	0.0388792277004	1	0.0550477324224	1	1	1	1	1	1	1	1	0.0622585374095	1	1	1	1	1	1	1	1	1	1	1	1	1	1	1	1	1	1	1	1	1
Fatty_Acid_Biosynthesis	1	1	1	1	1	1	1	1	1	1	1	1	1	1	1	1	1	1	1	1	1	1	1	1	1	1	1	0.0339322423274	1	1	1	1	1	1	1	1	1	1	1	1	1	1	1	1	1	1	1	1	1	1	1	1	1	1	1	1	1	1	1	1	1	1	1	1	1	1	1	1	1	1	1	1	1	1	1	1	0.0893909329927	1	0.0554695597123	1	1	1	1	1	1	1	1	1	0.0893909329927	1	1	1	1	1	1	1	1	1	1	1	1	1	1	1	1	1	1	1	1	1	1	1	1	1	1	1	1	1	1	1	1
Fatty_Acid_Omega_Oxidation	1	1	1	1	1	0.0459613976179	1	1	1	1	1	1	1	1	1	1	1	1	1	1	1	1	1	1	1	1	1	1	1	1	1	1	1	1	1	1	1	1	1	1	1	1	1	1	1	1	1	1	1	1	1	1	1	1	1	1	1	1	1	1	1	1	1	1	1	1	1	1	1	1	1	1	0.0893978701476	1	1	1	1	1	1	1	1	1	1	1	1	1	1	1	1	1	1	1	1	1	1	1	1	1	1	1	1	1	1	1	1	1	0.0128143815773	1	1	1	1	1	1	1	1	1	1	1	1	1	1
Fluoropyrimidine_Activity	1	1	1	1	1	1	1	1	1	1	1	1	1	1	1	1	1	1	1	1	1	1	1	1	1	1	1	1	1	1	1	1	1	1	1	1	1	0.0521534057138	1	1	1	1	1	1	1	1	1	1	1	1	1	1	1	1	1	1	1	1	1	1	1	1	1	1	1	1	1	1	1	1	1	1	1	1	1	1	1	0.0626060677063	1	1	1	1	1	1	1	1	1	1	1	1	0.0433446659423	1	0.0620416956927	1	1	1	1	0.015861811529	1	1	1	1	1	1	1	1	1	1	1	1	1	1	1	1	1	1	1	1	1	0.0140160646612	1
Focal_Adhesion	1	1	1	1	1	1	1	1	1	1	1	1	1	1	1	1	1	1	1	1	1	1	1	0.0267993736826	1	1	1	1	1	1	1	0.0587409130706	0.0365518745574	1	1	1	1	1	1	1	1	1	1	1	1	1	1	1	1	1	1	1	1	1	1	1	1	1	1	1	1	1	1	1	1	1	1	1	1	1	1	1	1	1	1	1	1	1	1	1	1	1	1	1	1	1	1	1	1	1	1	1	1	0.0412473747301	1	1	1	1	1	1	1	1	1	1	1	1	1	1	1	0.0664935810655	1	1	1	1	1	0.02061835784	1	1	1	1	1
Folate_Metabolism	1	1	1	1	0.0575402875282	1	1	1	1	0.0671776245956	1	1	1	1	1	1	1	1	1	1	1	0.0690741658964	1	1	1	1	1	1	1	1	1	1	1	1	0.0919695213853	0.0238391024731	1	1	1	1	1	1	1	1	1	1	1	1	1	0.0433805771036	1	1	1	1	1	1	1	1	1	1	1	1	1	1	1	1	1	1	0.0141812395263	1	1	0.00817668693296	1	1	0.0329034490614	1	0.0451394856276	0.0905085438611	1	0.0279287880906	1	1	1	1	1	0.0985592561396	1	1	1	0.0624305159213	0.0128465039408	1	1	1	1	0.0275330231825	1	1	1	1	1	1	1	1	1	1	1	1	1	1	1	1	1	1	1	1	0.0771539883707	1	1	1	1
G1_to_S_cell_cycle_control	1	1	1	1	1	1	1	1	1	1	1	1	1	1	1	1	0.00376645304904	1	1	1	1	1	1	1	1	1	1	1	1	1	1	1	1	1	1	1	1	1	1	1	1	1	1	1	1	1	1	1	1	1	1	1	0.0303651314034	1	1	1	1	1	1	1	1	1	1	1	1	1	1	0.0917516359407	1	1	1	1	1	1	1	1	1	1	1	1	1	1	1	1	1	1	1	1	1	1	1	1	1	1	0.0362732521159	1	1	1	1	1	1	0.00951902756218	1	1	1	1	1	1	1	1	1	1	1	1	1	1	1	1	1	1	1
GPCRs,_Class_A_Rhodopsin-like	1	1	1	1	1	1	1	1	1	1	1	1	1	1	1	1	1	1	1	1	1	1	1	1	1	1	1	1	1	1	1	1	1	1	1	1	1	1	1	1	1	1	1	1	1	1	1	1	1	1	1	1	1	1	1	1	1	1	1	1	1	1	1	1	1	1	1	1	1	1	0.0226499749645	1	1	1	1	1	1	1	1	1	1	1	1	1	1	1	1	1	1	1	1	1	1	1	1	1	1	1	1	1	1	1	1	1	1	1	1	1	1	1	1	1	1	1	1	1	1	1	1	1	1
Gastric_cancer_network_2	1	1	0.0200233528946	1	1	1	1	1	1	1	1	1	1	1	1	1	1	1	1	1	1	1	1	1	1	0.05343957096	1	1	1	1	1	1	1	1	1	1	1	1	1	1	1	1	1	1	1	1	1	1	1	1	1	1	1	1	1	1	1	1	1	1	1	1	1	1	1	1	1	1	1	1	1	1	1	1	1	1	0.0451394856276	1	1	1	1	1	1	1	1	1	1	1	1	0.0624305159213	1	1	1	1	1	1	1	1	1	1	1	1	1	1	1	1	1	1	1	1	1	1	1	1	1	1	1	1	1	1	1
Glial_Cell_Differentiation	1	1	1	1	1	1	1	1	1	1	1	1	1	1	1	1	1	1	1	1	1	1	1	1	1	1	1	1	1	1	1	1	1	1	1	1	1	0.0524054390042	1	1	1	1	1	1	1	1	1	1	1	1	1	1	1	1	1	1	1	1	0.0351636578396	1	1	1	1	1	1	1	1	1	1	1	1	1	1	1	0.0611482702439	1	1	1	1	1	1	1	1	1	1	1	1	1	1	0.0171630321436	1	1	1	1	1	1	1	1	1	1	1	1	0.0151914547944	1	1	1	1	1	1	1	1	1	1	1	1	1	1	1	1	1	1
Glutathione_metabolism	1	1	1	1	1	1	1	1	1	1	1	1	1	1	1	1	1	1	1	1	1	1	1	1	1	1	1	1	1	1	1	1	1	1	1	1	1	1	1	1	1	1	1	1	1	1	1	1	1	1	1	1	1	1	0.0625215718418	1	1	1	0.049997288548	1	1	1	1	1	1	1	1	1	0.0617412185189	1	1	1	1	0.0637259389758	1	1	1	1	0.0554695597123	1	1	1	1	1	1	1	1	1	1	1	1	1	1	1	1	1	1	1	1	1	1	1	1	1	1	1	1	1	1	1	1	1	1	1	1	1	1	1	1	1	1
Glycolysis_and_Gluconeogenesis	1	1	1	1	1	1	1	1	1	1	1	1	1	1	1	1	1	1	1	1	1	1	1	1	1	1	1	1	1	1	0.0623899469384	1	1	1	1	1	1	1	0.0970933165667	1	1	0.0260769561577	1	1	1	1	1	1	1	1	1	1	1	1	0.0136047509269	1	1	1	1	1	1	1	0.0536190545724	1	1	1	1	1	1	1	1	1	1	1	1	1	0.0268573591156	0.0657463286641	1	1	1	1	1	1	1	1	1	1	1	1	1	1	1	1	1	1	1	0.0412251687122	1	1	1	1	0.0334149892602	1	1	1	1	1	1	1	1	1	1	1	1	1	1	1	1	1	1
Hair_Follicle_Development	1	1	1	1	1	1	1	1	1	1	1	1	1	1	1	1	1	1	1	1	1	1	1	1	1	1	1	1	1	1	1	1	1	1	1	1	1	1	1	1	1	1	1	1	1	1	1	1	1	1	1	1	1	1	1	1	1	1	1	1	1	0.0490388206579	1	1	1	1	1	1	1	1	1	1	1	1	1	1	1	1	1	1	1	1	1	1	1	1	1	1	1	1	1	1	1	1	1	1	1	1	1	1	1	1	1	1	1	1	1	1	1	1	1	1	1	1	1	1	1	1	1	1	1
Hypertrophy_Model	1	1	1	1	1	1	1	1	1	1	1	1	1	1	1	1	1	1	1	1	1	0.0248090870166	1	1	1	0.0852117694588	1	1	1	1	1	1	1	1	1	1	1	1	1	1	1	1	1	1	1	1	1	0.0536943999734	1	1	1	1	1	1	1	1	1	1	1	1	1	1	1	1	1	1	1	0.00956887220281	1	1	1	1	1	1	1	1	0.0757068170395	1	1	1	1	1	1	1	1	1	0.0255742172568	1	1	1	0.0963247442487	1	1	1	1	1	1	1	1	0.0248090870166	1	1	1	1	1	1	1	1	1	1	1	1	1	1	1	1	1	1	1	0.00635700727373	1
ID_signaling_pathway	1	1	1	1	1	1	1	1	1	1	1	1	1	1	1	1	1	1	1	1	1	1	1	1	1	1	1	1	1	1	1	1	1	1	1	1	1	1	1	1	1	1	1	1	1	1	1	1	1	1	1	1	1	1	1	1	1	1	1	1	1	1	1	1	1	1	1	1	1	1	1	1	1	1	1	1	1	1	1	1	1	1	1	1	1	1	1	1	1	1	1	1	0.0193196096862	1	1	1	1	1	1	1	1	1	1	1	1	1	1	1	1	1	1	1	1	1	1	1	1	1	1	1	1
IL-1_signaling_pathway	1	1	1	1	1	1	1	1	1	0.0568139300042	1	1	1	1	1	1	1	1	1	1	1	0.0286183510784	1	1	1	1	1	1	1	1	1	1	1	1	1	1	1	1	1	1	1	1	1	1	1	1	1	1	1	1	1	0.0188228713519	1	1	1	1	1	1	1	0.0421443156994	1	1	1	1	1	1	1	1	1	1	1	0.0353847629139	1	0.0183072724669	1	1	1	1	1	1	1	1	1	1	1	1	1	1	1	1	1	1	0.0363933992354	1	1	0.0810121628023	1	1	1	1	1	1	1	1	1	1	1	1	1	1	1	1	1	1	1	1	1	1	1	1	1
IL-2_Signaling_Pathway	1	1	1	1	0.082576377397	1	1	1	1	1	1	1	1	1	1	1	1	1	1	1	1	1	1	1	1	0.0876867621676	1	1	1	1	1	1	1	1	0.0243011444542	1	1	1	1	1	1	1	1	0.0927749552927	1	1	1	0.046641569687	1	1	1	1	1	1	1	1	1	1	1	1	1	1	1	1	1	1	1	1	1	1	1	0.0763072220395	1	1	1	1	0.0747396141954	0.0414314644872	1	1	1	1	1	1	1	1	1	1	1	1	1	0.0675490165401	1	1	1	1	1	1	1	1	1	1	1	1	1	1	1	1	1	1	1	1	1	1	1	1	1	1	1	1	1
IL-3_Signaling_Pathway	1	1	1	1	1	0.0894274154659	1	1	1	1	1	0.0894274154659	1	1	1	1	1	1	1	1	1	1	1	1	1	1	1	1	1	1	1	1	1	1	0.034106459876	1	1	1	1	1	1	1	1	1	1	1	0.00918766156221	1	1	1	1	1	1	1	1	1	1	1	1	1	1	1	1	1	1	1	1	1	0.0522299149658	1	1	1	1	0.0642901276576	1	1	0.00494718445835	1	1	1	1	1	1	1	1	1	1	1	1	1	1	1	1	1	1	1	1	1	1	1	1	1	1	1	1	1	1	1	0.0568254095812	1	1	1	1	1	1	1	0.0262101844088	1	1	1	1
IL-4_Signaling_Pathway	1	1	1	1	1	1	1	1	1	1	1	1	1	1	1	1	1	1	1	1	1	1	1	1	1	1	1	0.0952168725211	1	0.0476255296094	1	1	1	1	1	1	1	1	1	1	1	0.0290642265537	1	1	1	1	1	0.0171936252261	1	1	1	1	1	1	1	1	1	1	1	1	1	1	1	1	1	1	1	1	1	1	1	0.0333395707327	1	1	1	1	1	0.0780179451709	1	0.0594824486151	1	1	1	1	1	1	1	1	1	1	1	1	1	1	1	1	1	1	1	1	1	1	1	1	1	1	1	1	1	1	1	1	0.031272646494	1	1	1	1	1	1	1	1
IL-5_Signaling_Pathway	1	1	1	1	1	1	1	1	1	1	1	1	1	1	1	1	1	1	1	1	1	1	1	1	1	1	1	1	1	0.0246897324589	1	1	1	1	1	1	1	1	1	1	1	1	1	1	1	1	1	1	1	1	1	1	1	1	1	1	1	1	1	1	1	1	1	1	1	1	1	1	1	1	1	1	1	1	1	1	1	1	1	1	1	1	1	1	1	1	1	1	1	1	1	1	1	1	1	1	1	1	1	1	1	1	1	1	1	1	1	1	1	1	1	1	1	1	1	1	1	1	1	1	1
IL-6_signaling_pathway	1	0.053531623344	1	1	0.0859082612751	1	0.0307428822241	1	1	0.0299014579932	1	0.0693823390364	1	1	1	1	1	1	0.0653678516877	1	1	1	1	1	1	1	1	1	1	1	1	1	1	1	1	1	1	1	1	0.0291883709031	1	1	1	0.0238537957085	1	0.0430612523788	1	1	1	1	1	1	1	1	1	1	1	1	1	1	1	1	1	1	1	1	1	1	1	1	1	0.0180914129158	1	1	1	1	0.0789228232174	0.0445276628819	1	0.0425782895428	0.0170563773383	1	1	1	1	1	1	0.0659085288456	1	0.0271110845245	1	0.00918766156439	1	1	1	1	1	1	1	1	1	1	0.0924915827632	1	1	1	1	1	1	1	0.0307428822241	1	1	1	1	1	1	1	1	1	1
IL-7_Signaling_Pathway	0.0143079933488	1	1	1	1	1	1	1	1	1	1	1	1	1	1	1	1	1	1	1	1	1	1	1	1	1	1	1	1	0.0600920289938	1	0.00270449703588	1	1	1	1	1	1	1	1	1	1	0.0505823645679	0.0265001340814	1	1	1	0.0854560528318	1	1	1	1	1	1	1	1	1	1	0.075593429515	1	1	1	1	1	1	1	1	1	0.0924492281485	1	1	1	1	1	1	1	1	1	1	1	1	1	1	1	1	1	1	1	1	0.0293517550476	0.0299411222528	0.00204426410044	1	1	1	1	1	1	1	1	1	1	1	1	1	1	1	1	1	1	1	1	1	1	1	1	1	1	1	1	1
IL1_and_megakaryotyces_in_obesity	0.0132660441479	1	0.0104966703599	1	1	0.00186846872863	1	1	1	8.22299162095e-09	1	1	1	1	1	1	1	1	1	1	1	1.08002465766e-05	1	1	1	1	1	2.40231401438e-09	0.000266517846663	0.0560156112269	1	1	1	1	0.00545878946884	1	0.0280536779447	0.00572551156457	4.86498184515e-06	1	1	1	1	1	1	1	0.00133113442563	0.011073836365	1	0.00161346949593	1	0.000118318459024	1	0.00488964157664	0.0107523907124	1	1	1	0.00223294692249	0.00984990973538	1	1	0.0147575307022	1	1	1	0.00443771181866	1	0.0187991692595	1	1	0.0191347703902	9.81539114445e-05	5.0890836959e-06	0.000201396679246	1	9.44318943041e-07	1	1.4341866672e-07	0.0147575307022	0.0182576481905	1	1	1	1	1	0.0387959675161	1	1	0.00369691477481	0.000410629755445	9.35540315022e-05	0.00445852056638	1	1	8.46007730282e-05	1	0.011161851373	1	1	1	1	0.0223886409801	1	1	1	1	0.00108421126759	1	1	1	1	0.000277555403942	1	1	1	1	1	1	1	1
Inflammatory_Response_Pathway	1	1	1	1	0.0435719033131	1	1	1	1	0.0458795942943	1	1	1	1	1	1	1	1	1	1	1	1	1	1	1	0.0361853123624	1	0.0740605283393	1	1	1	1	1	1	1	1	1	1	1	1	1	1	1	0.0384970367665	1	0.0993923790259	1	1	1	1	1	0.0393444297136	1	1	1	1	1	1	1	1	1	1	1	1	1	1	1	1	0.0346545866281	1	1	1	0.0677002726834	1	0.067404266409	1	1	1	0.0956021438196	1	1	1	1	1	1	0.0755931839293	0.0540571493123	1	1	0.0425160863896	1	0.0352867769423	1	1	1	1	1	1	1	1	1	1	1	1	1	1	1	1	1	1	1	1	1	1	1	1	0.0588007852542	1	1	0.0140160646612	1
Integrated_Breast_Cancer_Pathway	1	1	1	1	1	1	1	1	1	0.0892328042975	1	1	1	1	1	1	1	0.0132545310295	1	1	1	1	1	1	1	1	1	1	1	1	1	1	1	1	1	1	1	1	1	1	1	1	1	1	1	1	1	1	0.0459839863971	1	1	1	0.00194290156126	1	1	1	1	1	1	1	0.0288861554121	0.0920339857739	1	1	1	1	1	1	1	1	1	1	1	1	1	1	1	1	1	0.0804939321491	1	1	1	1	1	1	1	1	1	1	1	1	1	1	1	1	1	1	1	0.00733809365849	1	1	1	1	1	1	1	1	1	0.00821081999615	1	1	1	1	1	1	1	1	1	1	1
Integrated_Pancreatic_Cancer_Pathway	1	1	1	1	1	0.0908869710592	1	1	1	1	1	1	1	1	1	1	1	1	1	1	0.0674892347529	0.0680026190792	1	1	1	1	1	1	1	1	1	1	1	1	1	1	1	1	1	1	1	1	1	1	1	1	0.0728605719833	0.0498711751948	1	1	1	1	1	1	1	1	1	1	1	1	1	0.0547231160221	1	1	1	1	1	1	1	1	1	1	1	1	1	1	1	1	1	1	1	1	1	0.0888093570304	1	0.0178586528956	1	1	1	1	1	1	1	1	0.0430624643218	1	1	1	1	0.0218493640812	1	1	1	1	0.0241556205539	0.0395042828203	1	1	1	1	1	1	1	1	1	1	1	1	1	1	1
Interferon_type_I	1	1	0.0462501059623	1	1	1	1	1	1	1	1	1	1	1	1	1	1	1	1	1	1	1	1	1	1	1	1	1	1	1	1	1	1	1	0.00814384389279	1	1	1	1	0.0587061564177	1	1	1	0.048621855741	1	0.0161934919458	1	0.0845629663509	1	1	1	1	1	1	1	1	1	1	1	1	1	1	1	1	1	1	1	0.0635100084482	1	1	1	1	1	1	1	1	1	1	1	1	1	1	1	1	1	1	1	1	1	0.0548013784121	1	1	1	1	1	1	1	1	1	1	1	1	1	1	1	1	1	1	1	1	1	1	1	1	1	1	1	1	1	1	1
Interferon_type_I_signaling_pathways	1	1	0.0447405735657	1	1	1	1	1	1	1	1	1	1	1	1	1	1	1	1	1	1	1	1	1	1	1	1	1	1	1	1	1	1	1	0.00763448545675	1	1	1	1	0.0555430762834	1	1	1	0.0459469726998	1	0.0152186340181	1	0.0810121628023	1	1	1	1	1	1	1	1	1	1	1	1	1	1	1	1	1	1	1	0.0614846627703	1	1	1	1	1	1	1	1	1	1	1	1	1	1	1	1	1	1	1	1	1	0.0518254260777	1	1	1	1	1	1	1	1	1	1	1	1	1	1	1	1	1	1	1	1	1	1	1	1	1	1	1	1	1	1	1
Interleukin-11_Signaling_Pathway	1	1	1	1	0.0859082612751	1	1	1	1	1	1	1	1	1	1	1	1	1	1	1	1	1	1	1	1	1	1	1	1	1	1	1	1	1	1	1	1	1	1	1	1	1	1	0.0978179669684	1	1	1	1	1	1	1	1	1	1	1	1	1	1	1	1	1	0.0490388206579	1	1	1	1	1	1	1	1	1	0.0805669153853	1	1	1	1	1	1	1	1	0.0772939630616	1	1	1	1	1	1	1	1	1	1	1	1	1	1	1	1	1	1	1	1	1	1	1	1	1	1	1	1	1	0.0307428822241	1	1	1	1	1	1	1	1	1	1
Iron_metabolism_in_placenta	1	1	1	1	1	1	1	1	1	1	1	0.0311580526807	1	1	1	1	1	1	0.00021740447779	1	1	1	1	1	1	1	1	1	1	1	1	1	1	1	1	1	1	1	1	0.0457756627283	1	1	1	1	1	1	1	0.0239977979784	1	1	0.00217188559112	1	1	1	1	1	1	1	1	1	1	1	1	1	1	1	1	1	1	1	1	1	0.0617758042398	1	1	1	1	0.0582965198641	1	1	1	1	1	1	1	1	1	1	1	0.0439055007192	0.0445255202382	1	1	1	0.00144003712339	1	1	1	1	1	1	1	0.0390691184747	1	1	1	0.0085060539839	1	1	1	1	1	1	1	1	1	1	1	1	1	1
Kit_receptor_signaling_pathway	1	1	1	1	1	1	1	1	1	1	1	1	1	1	1	1	1	1	1	1	1	1	1	1	1	1	1	1	1	1	1	1	1	1	1	1	1	1	1	1	1	1	1	1	1	1	0.0996124283843	1	1	1	1	1	1	1	1	1	1	1	1	1	1	1	1	1	1	1	1	1	1	1	1	1	1	1	1	1	1	1	1	1	1	1	1	1	1	1	1	1	1	1	1	1	1	1	1	1	1	1	1	1	1	1	1	1	1	1	1	1	1	1	1	1	1	1	1	1	1	1	1	1	1
Leptin_signaling_pathway	1	1	1	1	1	1	1	1	1	0.0283801651714	1	1	1	1	1	1	1	1	1	1	1	1	1	1	1	1	1	1	1	1	1	1	1	1	0.0661650764519	1	1	1	1	1	1	1	1	1	1	0.0267448769564	1	1	1	1	1	1	1	1	1	1	1	1	1	1	1	0.0945300318448	1	1	1	1	1	0.0827083195243	1	1	1	0.0597699005817	1	1	1	1	1	1	1	1	1	1	1	1	1	1	1	1	1	1	0.0874938959692	0.025173122848	1	1	1	1	1	1	1	1	1	1	1	1	1	1	1	0.00698437251919	1	1	1	1	1	1	1	1	1	1	1	1	1
Liver_X_Receptor_Pathway	1	1	1	1	1	1	1	1	1	1	1	0.0187520352759	1	1	1	1	1	1	1	1	1	1	1	1	1	1	1	1	1	1	1	1	1	1	1	1	1	1	1	1	1	1	1	1	1	1	1	1	1	1	1	1	1	1	1	1	1	1	0.053746342166	1	1	1	1	1	1	1	1	1	1	1	1	1	1	1	1	1	1	1	0.0123641947121	1	1	1	1	1	1	1	1	1	1	1	1	1	1	1	1	1	1	1	1	1	1	1	1	1	1	1	1	1	1	1	1	1	1	1	1	1	1	1	1	1	1
MAPK_Signaling_Pathway	1	1	1	1	1	0.0110288041205	1	1	1	1	1	1	1	0.0161889991057	0.0829480492413	1	1	1	1	1	1	1	0.00980093268185	0.0191964580005	1	1	1	1	0.0685861551774	1	1	1	1	1	1	1	1	1	1	1	1	1	1	1	1	1	1	0.0405275252165	1	1	1	1	1	1	1	1	1	1	1	1	1	1	1	1	1	1	1	1	1	1	1	1	0.0886948007742	1	1	1	1	1	1	1	1	1	1	1	1	1	1	1	1	1	1	0.0872679672106	1	1	1	1	1	1	1	1	1	1	1	1	1	0.0362990172964	1	1	0.0439736797957	1	1	1	0.05862658998	1	1	1	1	1	1	1	1
Matrix_Metalloproteinases	1	0.0281982733743	1	1	1	0.0287752281669	1	1	0.00969468717298	1	1	1	1	1	1	1	1	1	1	1	1	1	1	1	1	1	1	0.0177123493849	0.00724269957098	1	1	1	1	1	0.0745694403668	1	1	0.0577292844718	0.0417790572993	1	1	1	1	1	1	1	1	1	1	0.0347244196851	1	1	1	0.000277561439917	1	1	1	1	1	1	1	1	0.0222392112926	1	1	1	1	1	1	1	1	1	0.0156125470131	0.0199554796922	1	1	0.033098060165	0.0139898808252	1	1	1	1	1	1	1	1	1	1	1	1	1	0.000222714377214	1	1	1	1	1	1	1	1	1	1	0.0393646101259	1	1	1	1	1	1	1	1	1	1	1	1	1	1	1	1	1	1
Metapathway_biotransformation	1	0.0163612569129	1	1	1	1	1	1	1	1	1	1	0.00408018007641	1	0.0910927802081	1	1	1	1	1	1	1	1	1	1	1	1	1	1	1	1	1	1	1	1	1	1	1	1	1	1	1	1	1	1	1	1	1	1	1	1	1	1	1	1	1	1	1	1	1	1	1	1	1	1	1	1	1	1	1	1	1	1	1	1	1	1	1	1	0.00967942606178	1	1	1	1	1	1	1	1	1	1	1	1	1	1	1	1	1	1	0.0668208981789	0.0667061793336	1	1	1	1	1	1	0.043205735211	1	1	1	1	1	1	0.0119378319156	1	1	1	1	1	1	1
Mitochondrial_LC-Fatty_Acid_Beta-Oxidation	1	1	1	1	1	1	1	1	1	0.083451458778	1	1	1	1	1	1	1	1	1	1	1	1	1	1	1	1	1	1	1	1	1	1	1	1	1	1	1	1	1	1	1	1	1	0.0739028008417	1	1	1	1	1	1	1	1	1	1	1	1	1	1	1	1	1	1	1	1	1	1	1	1	1	1	1	1	1	1	1	1	0.0627801333983	1	1	1	1	1	1	1	1	1	1	1	0.0627801333983	1	0.0802260421043	1	1	1	1	1	1	1	1	1	1	1	1	1	1	1	1	1	1	1	1	1	1	1	1	1	1	1	1	1	1
Monoamine_Transport	1	1	1	1	1	1	1	1	1	1	1	1	1	1	1	1	1	1	1	1	1	0.0589433282829	1	1	1	1	1	1	1	1	1	1	1	1	1	1	1	1	1	1	1	1	1	1	1	1	1	1	1	1	1	1	1	1	1	1	1	1	1	1	1	1	1	1	1	1	1	1	1	1	1	1	1	1	1	1	1	1	1	1	1	1	1	1	1	1	1	1	1	1	1	1	1	1	1	1	1	1	1	1	1	1	1	1	1	1	1	1	1	1	1	1	1	1	1	1	1	1	1	1	1
Myometrial_Relaxation_and_Contraction_Pathways	1	1	0.0136789653599	1	1	1	1	1	1	0.0193662805875	1	1	1	1	1	1	1	1	1	1	1	0.0370697974072	1	0.013730187866	1	0.0746327554613	1	1	1	1	1	0.0807986311761	1	1	1	1	1	0.0116303117893	0.0723985057314	1	1	1	1	1	1	1	0.0436254593721	1	1	1	1	1	1	1	1	0.0272568391094	1	1	0.0119421115493	1	1	1	1	1	1	1	1	1	1	0.0127328730764	1	1	1	1	0.0884317448674	1	0.0556092449957	1	1	1	1	1	1	1	1	1	0.0108560467891	1	1	1	0.0436000009308	1	1	1	1	0.0629505359633	1	1	1	1	1	1	1	1	1	1	1	1	0.0296748260649	0.0422590323436	1	1	1	1	1	0.0127328730764	1	1	1	0.0616100946026	1
NAD_Biosynthesis_II_(from_tryptophan)	1	1	1	1	1	1	1	0.00351856272287	1	1	1	1	1	1	1	1	1	1	1	1	1	1	1	1	1	1	1	1	1	1	1	1	1	1	1	1	1	1	1	0.0179297772819	1	1	1	1	1	1	1	1	1	1	1	1	1	1	1	1	1	1	1	1	1	1	1	1	1	1	1	1	0.0412140149037	1	1	1	1	1	0.0611482702439	1	1	1	0.00786966069393	1	1	1	1	1	1	1	1	0.0295151639523	1	0.0171630321436	1	1	1	1	1	1	1	1	1	1	1	1	1	1	1	1	1	1	1	1	1	1	1	1	1	1	1	1	1	1	1
NOD_pathway	1	1	0.0023452568812	1	1	0.0656495673185	1	1	1	0.00560679423956	1	1	1	1	0.0277100968237	1	1	1	1	1	1	0.0156657330887	1	1	1	1	1	0.0126527329005	1	0.00408627334178	1	0.080004127694	1	1	1	1	1	0.0152713815531	1	0.00543078312176	1	1	1	0.022103646642	1	0.0406348250093	1	1	1	0.062768709476	1	0.0749389270022	1	1	1	1	1	1	0.02321303622	0.0277100968237	1	1	1	1	1	1	1	1	1	1	1	1	1	1	0.00606246076422	1	0.0747396141954	0.00178707628666	1	1	1	1	1	1	1	1	1	0.0160698116778	0.00278448427733	0.0251413079809	0.00509062421441	1	0.0201138039611	1	1	1	1	1	1	1	1	1	1	1	1	1	1	7.11399686527e-05	1	1	1	1	0.00139834309707	1	1	1	0.0185614254686	1	1	0.0277100968237	1
NRF2_pathway	1	0.0316899809762	1	1	1	1	0.0584830313414	0.0807298901882	1	0.0371570965184	1	0.00345471278719	1	1	0.0539218863542	1	1	1	1	1	1	0.0302481791713	1	1	1	1	1	0.0177765804973	1	1	1	1	1	1	0.0555122794891	1	0.0616419124364	1	1	1	1	1	1	1	1	1	1	0.00503028253994	1	0.0452733867529	1	1	1	1	0.0161971919249	1	1	1	0.0196754434505	1.65966973662e-05	1	1	0.0208692347763	1	1	1	1	0.0208692347763	0.0150071951271	1	1	0.00526884987896	0.000492010386441	0.0171061264032	0.00643232746073	1	1	1	0.0001562485103	0.0208692347763	0.0148812281678	1	0.0677323885215	0.0598027059823	1	1	1	1	1	0.0037806305463	0.0121459810061	1	1	0.00223291648578	0.00032784747267	1	1	1	0.045022312171	0.0302481791713	1	1	0.000650682976138	1	0.0584830313414	1	0.018849914837	1	1	1	0.0584830313414	1	1	1	1	1	1	1	1	1	1
Notch_Signaling_Pathway	1	1	1	1	1	0.0884650983236	1	1	1	1	1	1	1	1	1	1	1	1	1	1	1	1	0.00682509811596	1	1	0.0418118605185	1	1	1	1	1	1	1	1	1	1	1	1	1	1	1	1	1	1	1	1	1	1	1	1	1	1	0.0390759289695	1	1	1	1	1	1	1	1	1	1	1	1	1	1	1	1	1	1	1	0.0360806606299	1	1	1	1	1	1	1	1	1	1	1	1	1	1	1	1	1	1	1	1	1	1	0.0153460571494	0.0953023216963	1	1	1	1	1	1	1	1	1	0.0531731423436	1	1	1	1	1	1	1	1	1	1	1	1	0.0809015477006	1
Nuclear_Receptors	0.029350702329	1	1	1	1	1	1	1	1	1	1	1	1	1	1	1	1	1	1	1	1	1	1	1	1	1	1	1	1	1	1	1	1	1	1	1	1	1	1	1	1	1	1	1	1	1	1	1	1	1	1	1	1	1	1	1	1	1	1	1	1	1	1	1	1	1	1	1	1	1	1	1	1	1	1	1	1	1	1	1	1	1	1	1	1	1	1	1	1	1	1	1	1	1	1	1	1	1	1	1	1	1	1	1	1	1	1	1	1	1	1	1	1	1	1	1	1	1	1	1	1
Nuclear_Receptors_in_Lipid_Metabolism_and_Toxicity	1	1	1	1	1	1	1	1	1	1	1	1	0.00911244594158	1	1	1	1	1	1	1	1	1	1	1	1	1	1	1	1	1	1	1	1	1	1	1	1	1	1	1	1	1	0.0984150579382	1	1	1	1	1	1	1	1	1	1	1	1	1	1	1	1	1	1	1	1	1	1	1	1	1	1	1	1	1	1	1	1	1	1	1	1	1	1	1	1	1	1	1	1	1	1	1	1	1	1	1	1	1	1	1	1	0.0797312964807	1	1	1	1	1	1	1	1	1	1	1	1	1	1	1	1	0.0889221840075	1	1	1	1
Nucleotide_Metabolism	1	1	1	1	1	1	1	1	1	1	1	1	1	1	1	1	1	1	1	1	1	1	1	1	1	1	1	1	1	1	1	1	1	1	1	1	1	1	1	1	1	1	1	1	1	1	1	1	1	1	1	1	1	1	1	1	1	1	1	1	1	1	1	1	1	1	1	1	1	1	1	1	1	1	1	1	1	1	1	1	1	1	1	1	1	1	1	1	1	1	1	1	1	1	1	0.0536943999734	1	1	1	1	1	1	1	1	1	1	1	1	1	1	1	1	1	1	1	1	1	1	1	1	1
Oncostatin_M_Signaling_Pathway	1	1	1	1	0.0367041303831	1	1	1	1	1	1	1	1	1	1	1	1	1	1	1	1	1	1	1	1	1	1	0.0205238168455	1	1	1	1	1	1	1	1	1	1	1	0.099563433381	1	1	1	0.0244732455181	1	1	1	1	1	1	1	0.0318016262244	1	1	1	1	1	1	1	0.0604135489773	1	1	1	1	1	1	1	1	1	1	1	0.0176651772999	1	0.00774849488649	1	1	0.0638196573193	0.05060424973	1	0.0871935992808	0.0621645631381	0.0287305847121	1	1	1	1	1	1	1	0.0933936454325	1	0.0272700494664	0.0599161612398	1	1	0.0352074152881	1	0.0677303426016	1	1	1	1	0.0778896445317	1	1	1	1	1	1	1	1	1	1	1	1	1	1	1	1	1	1
Osteoclast_Signaling	1	1	1	1	1	1	1	1	1	1	1	1	1	1	1	1	1	1	1	1	1	1	1	1	1	1	1	1	1	1	1	1	1	1	1	1	1	1	0.0119190312673	1	1	1	1	1	1	1	1	1	1	1	1	1	1	1	1	1	1	1	1	1	1	1	1	1	1	1	1	1	1	1	1	1	0.0893978701476	1	1	1	1	1	1	1	1	1	1	1	1	1	1	1	1	1	1	1	1	1	1	0.0355955222042	1	1	1	0.016172369536	1	1	0.0573147819669	1	1	1	1	1	1	1	1	1	1	1	1	1	1	1	1	1	1
Osteopontin_Signaling	1	1	1	1	1	1	1	1	1	0.0464057477286	1	1	1	1	1	1	1	1	1	1	1	1	1	1	1	1	1	0.0660464454846	1	1	1	1	1	1	1	1	1	1	1	1	1	1	1	1	1	1	1	1	1	1	1	1	1	1	1	1	1	1	0.086457821908	1	1	1	1	1	1	1	1	1	1	1	1	1	0.0617758042398	1	0.0268774486021	1	1	1	1	1	1	1	1	1	1	1	1	1	1	1	1	1	1	1	1	0.0239977979784	1	1	1	1	1	1	1	1	1	1	1	1	1	1	1	1	1	1	1	1	1	1	1	1	1
Ovarian_Infertility_Genes	1	1	1	1	1	1	1	1	1	1	1	1	1	1	1	1	1	1	1	1	1	1	1	1	1	1	1	1	1	1	1	1	1	1	0.0100222725118	1	1	1	1	1	1	1	1	1	1	1	1	1	1	1	1	1	1	1	1	1	1	1	1	1	1	1	0.0222392112926	1	1	1	1	1	1	1	1	1	1	1	1	1	0.00511140582448	1	1	1	1	1	1	1	1	1	1	1	1	1	1	1	1	1	1	1	1	0.016887609964	1	1	1	1	1	1	1	1	1	1	1	1	1	1	1	1	1	1	1	1	1	1	1
Oxidation_by_Cytochrome_P450	1	1	1	1	1	1	1	1	1	1	1	1	0.00166657744798	1	1	0.0429242640395	1	1	1	1	1	1	1	1	1	1	1	1	1	1	1	1	1	1	1	1	1	1	1	1	1	1	1	1	1	1	1	1	1	1	1	1	1	1	1	1	1	1	1	1	1	0.0920339857739	1	1	1	1	1	1	1	1	1	1	1	1	1	1	1	1	1	0.0804939321491	1	1	1	1	1	1	1	1	1	1	1	1	1	1	1	1	1	1	1	0.0423912478165	1	1	1	1	1	1	0.0311000175584	1	1	1	1	1	1	0.00156860629626	1	1	1	1	1	1	1
Oxidative_Stress	0.0200233528944	0.00219092640048	1	1	0.0462501059618	1	1	0.0493253106943	1	0.00128163364399	1	0.0287752281669	1	1	1	1	1	1	0.0347244196851	1	1	0.0556925534813	1	1	1	1	1	0.000427388386405	1	1	1	0.0447405735646	1	1	0.0100222725118	0.00118155378571	0.0417790572993	0.00296867233919	1	0.00882618372904	1	1	0.0692346643634	1	1	1	1	1	1	0.0347244196851	1	0.0417790572993	1	1	0.0193933735815	1	1	1	0.00592749740797	1	1	1	0.0222392112926	1	1	1	1	1	0.0015177729152	1	1	0.000636795386686	0.0156125470131	0.000247400930884	1.75792664189e-05	0.0158938677355	0.000611567895431	0.000292199704416	0.00017100048158	0.0222392112926	0.000587101317289	1	1	1	1	0.00113982087249	0.0573279576522	0.00396856285766	1	0.0461983400095	0.00115670689353	0.0374849585748	0.00822245718992	1	1	0.000247400930884	1	1	1	1	1	1	0.00651186659459	1	1	1	0.00449857664895	1	1	1	0.0158938677355	1	1	1	1	1	0.00756105293638	0.0447405735646	1	1	1
Oxidative_phosphorylation	1	1	1	0.0259565516794	1	1	0.000832338366827	0.00110643642519	1	1	1	1	1	1	1	1	1	1	1	1	1	1	1	1	0.0116439354406	1	1	1	1	1	1	1	1	1	1	1	1	1	1	1	1	1	0.0715312254306	0.0947418381183	1	0.0340431603636	1	1	1	0.0274543853901	1	0.0356225388105	1	1	1	1	1	1	1	1	1	0.0179254561095	1	1	1	5.16837225573e-07	1	1	1	1	1	1	1	1	1	5.94914911848e-05	0.0727292774894	1	1	1	1	1	1	1	1	1	1	1	0.0727292774894	1	1	1	1	1	1	0.0404843135867	0.07723891794	0.0732008282187	1	1	1	1	0.00138036683454	1	1	1	1	1	1	1	1	1	1	1	1	1	1	1	1	1	1
PPAR_Alpha_Pathway	0.0143079933488	1	1	1	1	1	1	1	1	1	1	0.00217168924331	1	1	1	1	1	1	1	1	1	1	1	1	1	1	1	1	0.0441674042921	1	1	1	1	1	1	1	1	1	1	1	1	1	1	1	1	1	1	0.0854560528318	1	1	1	1	1	1	1	1	1	1	0.075593429515	1	1	1	1	1	1	1	1	0.0159124014105	1	1	1	1	1	1	1	1	1	1	1	1	1	1	1	1	1	1	1	1	1	1	1	1	1	1	1	1	1	1	1	0.00382938214396	1	1	1	1	1	1	1	1	1	1	1	1	1	1	1	1	1	1	1	1	1
Parkin-Ubiquitin_Proteasomal_System_pathway	1	1	1	1	1	0.0194265026195	1	1	1	1	0.0195417006896	1	1	1	0.000860853993728	1	1	1	0.0306407281761	1	1	1	0.0508558398974	8.63005978239e-05	1	0.00177381244089	1	1	0.0137541174804	0.0243811614087	0.00971333131382	1	1	1	1	1	0.000881196596279	0.0542895878131	1	1	1	1	1	1	1	1	1	1	1	1	1	1	1	0.00329126538361	1	1	1	1	0.0566773401007	0.00914697775139	1	1	1	1	1	1	1	1	1	1	1	0.084328552854	0.0766266298856	1	0.0783774736586	1	1	0.00612493516392	1	1	0.0801782928028	1	1	1	1	1	0.00195966150502	0.0386933149931	1	1	1	1	1	1	0.040267045241	1	0.0831269715836	1	1	1	0.00285074617559	1	1	1	0.074569440369	1	0.0436217662896	1	0.0187549527582	0.010628780574	1	1	1	1	1	1	1	1	1	1	0.000158838982219
Parkinsons_Disease_Pathway	1	1	1	1	1	1	1	1	1	1	1	1	1	1	1	1	0.00518229423553	1	1	1	1	1	1	1	1	1	1	1	1	1	1	0.0565644832037	1	1	1	1	1	1	1	1	1	1	1	1	1	1	1	1	1	1	1	1	0.0409213373215	1	1	1	1	1	1	1	1	1	1	1	1	1	1	1	1	1	1	1	1	1	1	1	1	1	1	1	1	1	1	1	1	1	1	1	1	1	1	1	1	1	1	1	1	1	1	1	1	1	1	1	1	1	1	1	1	1	1	1	1	1	1	1	1	1	1	1	1
Pathogenic_Escherichia_coli_infection	1	1	1	1	1	0.0383776235737	1	1	1	1	0.0133827359955	0.0383776235737	1	1	1	1	1	1	0.0181954608346	1	1	1	1	2.53797438621e-08	1	0.00053445031277	1	1	9.94103467821e-05	0.0125241727344	8.43770087499e-05	1	1	1	1	1	2.15133379822e-06	0.00638642245908	0.00326791026822	1	1	1	1	1	1	1	0.015240992745	0.0994128937905	1	1	1	1	1	0.00185907332682	1	0.0752575059184	1	1	0.0743373089116	1	1	0.0822574698635	1	1	1	1	1	0.0718340128394	0.0987462671422	1	1	1	0.0378240764924	1	1	1	1	0.00197504491914	1	1	0.0104560038779	1	0.0133827359955	1	1	1	1	0.0537214865361	1	1	1	1	1	0.00160709518189	0.0279091147348	1	1	1	1	1	7.77804942691e-05	1	1	1	0.0524735205738	1	1	1	0.01096919164	5.7423112686e-06	1	1	1	1	1	0.00204884113507	1	1	1	0.049460536642	0.00376595416116
Peptide_GPCRs	1	1	1	1	1	1	1	1	1	1	1	1	1	1	1	1	1	1	1	1	1	1	1	1	1	1	1	1	1	1	1	1	1	1	1	1	1	1	1	1	1	1	1	1	1	1	1	1	1	1	1	0.0439445408777	1	0.0398104833793	1	1	1	1	1	1	1	1	1	1	1	1	1	1	1	1	0.0433682250804	1	1	1	1	1	1	1	1	1	1	1	1	1	1	1	1	1	1	1	1	1	1	1	1	1	1	1	1	1	1	1	1	1	1	1	1	1	1	1	1	1	1	1	1	1	1	1	1	1	1
Phase_I,_non_P450	1	1	1	1	1	1	1	1	1	1	1	1	1	1	1	1	1	1	1	1	1	1	1	1	1	1	1	0.0263885853194	1	1	1	1	1	1	1	1	1	1	1	1	1	1	1	1	1	1	1	1	1	1	1	1	1	1	1	1	1	1	1	1	1	1	1	1	1	1	1	1	1	1	1	0.0135549779103	1	1	0.0611482702439	1	1	1	0.00786966069393	1	1	1	1	1	1	1	1	1	1	0.0171630321436	1	1	1	1	1	1	1	1	1	1	1	1	1	1	1	1	1	1	1	1	1	1	1	1	1	1	1	1	1	1	1
Physiological_and_Pathological_Hypertrophy__of_the_Heart	1	1	1	1	1	1	1	1	1	1	1	1	1	1	1	1	1	1	1	1	1	1	1	1	1	1	1	1	1	1	1	1	1	1	1	1	1	1	1	1	1	1	1	1	1	1	1	1	1	1	1	1	1	1	1	1	1	1	1	1	1	1	1	1	1	1	1	1	1	1	1	1	1	0.0689606531147	1	1	1	1	1	1	1	1	1	1	1	1	1	1	1	1	1	1	1	1	1	1	1	1	1	1	1	1	1	1	1	1	1	1	1	1	1	1	1	1	1	1	1	1	1	1	1
Primary_Focal_Segmental_Glomerulosclerosis_FSGS	1	1	1	1	1	1	1	1	1	1	1	1	1	1	1	1	1	1	1	1	1	0.0116717542723	1	1	1	1	1	0.0868501911615	0.0137541174804	1	1	1	1	1	1	1	1	1	1	1	1	1	1	1	1	1	0.0258117579173	0.0461887880197	0.0584078087204	1	1	0.0396710095149	1	1	1	1	1	1	1	1	1	0.0200671026329	1	1	1	1	1	1	0.0790259289424	1	1	1	0.0766266298856	1	1	1	1	1	1	1	1	1	1	1	1	1	1	1	1	1	1	1	1	1	1	1	1	0.0788110862954	1	0.0589265944465	0.0337437286673	1	1	1	1	1	1	1	1	1	1	0.0306544304224	1	1	1	1	1	1	1	0.0704051069595	1
Prostaglandin_Synthesis_and_Regulation	1	1	1	0.000152417167553	0.0435719033131	1	1	0.0464810732564	1	0.000120119937635	1	1	1	1	1	1	1	1	0.0326795885623	1	1	1.31812766102e-06	1	1	1	1	1	0.0158221889508	1	0.0773495596994	0.0167427268591	1	1	1	0.0704051069587	0.0178061696235	0.0393444297136	0.0521534057138	0.0393444297136	0.00784718307023	1	1	1	1	1	0.0993923790259	1	1	0.011437912403	1	1	1	1	1	0.002148538746	1	1	1	0.0263041077027	0.0140160646612	0.00699970392045	0.0242061388454	0.0209021490475	1	1	1	1	1	0.00736826357283	1	1	0.0310846450593	0.0677002726834	0.0182691613336	0.00382749801811	1	1	0.0626060677063	0.0148246415038	1	1	1	1	1	1	1	1	0.0193187311052	1	1	1	1	0.0620416956927	1	1	1	0.0168218213427	0.015861811529	1	1	1	1	1	1	1	1	0.00409470241107	1	1	1	1	1	1	1	1	1	0.0068935378112	0.0421443156995	0.00909612851543	1	1
Proteasome_Degradation	1	1	1	1	1	1	0.0524735205738	1	1	1	1	1	1	1	1	1	1	1	0.0181954608346	1	1	1	1	1	1	1	0.00376595416116	1	1	1	1	1	1	1	1	0.0618900723694	1	1	1	0.0722978811825	1	1	0.0489263774029	1	1	1	1	1	1	1	1	1	1	1	1	1	1	1	1	1	1	1	1	1	1	1	1	1	1	1	1	1	1	1	0.0838486001785	0.0524735205738	1	0.0335425706517	1	1	0.0104560038779	1	1	1	1	0.0119701000474	1	1	1	1	1	1	1	1	0.0279091147348	1	1	1	0.00860784798738	1	1	1	0.0142822895706	1	1	1	1	1	1	1	1	1	1	1	1	1	1	0.0262473357786	1	1	1
Quercetin_and_Nf-kB/_AP-1_Induced_Cell_Apoptosis	1	1	1	1	1	1	1	1	1	0.0464057477286	1	1	1	1	1	1	1	1	1	1	1	1	1	1	1	1	1	0.0660464454846	1	1	0.0225666333042	1	1	1	1	1	1	1	1	1	1	1	1	1	1	1	1	1	1	1	1	1	1	1	1	1	1	1	0.086457821908	1	1	1	1	1	1	1	1	1	1	1	1	0.00290982672333	1	0.0239977979784	0.0268774486021	1	0.00283759982541	0.00643069321136	1	1	1	1	1	1	1	1	1	0.00922483483847	1	0.0439055007192	0.0445255202382	1	1	1	1	0.0239977979784	1	1	1	1	1	1	1	1	1	1	1	1	1	1	1	1	1	1	1	1	0.0121633059215	1	1	1	1
Quercetin_and_Nf-kB/_AP-1_induced_cell_apoptosis	1	1	1	1	1	1	1	1	1	0.0338886873099	1	1	1	1	1	1	1	1	1	1	1	1	1	1	1	1	1	0.0486004697045	1	1	0.0162930614168	1	1	1	1	1	1	0.0937630733505	1	1	1	1	1	1	1	1	1	1	1	1	1	1	1	1	1	1	1	1	0.0640698386587	1	1	1	1	1	1	1	1	1	0.0745893657251	1	1	0.0017364500978	1	0.0173401970708	0.01674383602	1	0.00169283391723	0.00388089651227	1	1	1	1	1	1	1	1	1	0.0056027108064	1	0.0320290307471	0.0324899043527	1	1	1	1	0.0173401970708	1	1	1	1	1	1	1	1	1	1	1	1	1	1	1	1	1	1	1	1	0.00872347345679	1	1	1	1
RANKL/RANK_Signaling_Pathway	1	0.0817909822325	1	1	1	1	1	1	1	0.0168503860927	1	1	1	1	1	1	1	1	0.0991164671568	1	1	0.0314340509683	1	1	1	1	1	1	1	0.0104629289562	1	1	1	1	1	1	1	1	1	0.06196386139	1	1	1	0.0513814027514	1	1	1	0.0881797215275	1	1	1	0.0207289508593	1	1	1	1	1	1	1	0.0450175747089	1	0.0751568616149	1	1	1	1	1	1	0.0282364670304	1	1	0.00026755889442	1	0.0206669582155	0.0685620377585	1	0.0386147044127	0.0275147417903	1	0.0655580472813	0.037556904053	1	1	1	1	1	1	0.01265750712	0.0087318443873	0.0149314630183	0.00330273769655	1	0.00673918042162	1	1	0.0206669582155	1	1	1	1	1	1	0.0115479713708	1	1	1	1	1	1	1	1	1	1	1	1	1	1	0.000326773088362	1	1	1
RB_in_Cancer	1	1	1	1	1	1	1	1	1	1	1	1	0.0498623425332	1	1	1	0.00710031773664	1	1	1	1	1	1	1	1	0.0802311931824	1	1	1	1	1	1	1	1	1	1	1	1	1	1	1	1	1	1	1	1	1	1	1	1	1	1	1	1	1	1	1	1	1	1	1	1	1	1	1	1	1	1	1	1	1	1	1	1	1	1	1	1	1	1	1	1	1	1	1	1	1	1	1	1	1	1	1	1	0.000697392088201	1	1	1	1	1	1	1	1	1	1	1	1	1	1	1	1	1	1	1	1	1	1	1	1	1	1
Regulation_of_Actin_Cytoskeleton	1	1	1	1	1	1	1	1	1	1	1	1	1	1	1	1	1	0.0690295354001	1	1	1	1	1	0.0971320938261	1	1	1	1	1	1	1	1	0.00149235091803	1	1	1	1	1	1	1	1	1	1	1	1	1	1	1	1	1	1	1	1	1	1	1	1	1	1	1	1	1	1	1	1	1	1	1	1	1	1	1	1	1	1	1	1	1	1	1	1	1	1	1	1	1	1	1	1	1	1	1	1	0.0230807935735	1	1	1	1	1	1	1	1	1	1	1	1	1	1	1	0.0443343031211	1	1	1	1	1	0.0133939526177	1	1	1	1	1
Regulation_of_toll-like_receptor_signaling_pathway	0.0810637290665	1	1	1	1	1	1	1	1	0.0398664741667	1	0.0918408124847	1	1	1	1	1	1	1	1	1	1	1	1	1	1	1	0.00254668650184	1	0.022902114527	1	1	1	1	1	0.0756680688893	1	1	0.00376867655147	1	1	0.0351026808044	1	0.0278355873507	0.0442003766156	0.0428317959714	1	1	1	1	1	1	1	1	1	1	1	1	1	1	1	1	1	1	1	1	1	1	0.0067732474729	1	1	0.00167894514941	1	0.000336226499162	0.00730954292524	1	1	1	0.0389398731172	0.0218498676047	0.0160799117606	0.0193373299389	1	0.0613074060525	1	1	1	0.0281131957306	0.00544843102972	0.0126201602319	0.0355268290141	0.0134744101756	1	1	1	1	1	1	1	1	1	1	0.000732222634706	1	1	1	1	1	1	1	1	1	0.038855434231	1	1	1	0.0403737744068	1	1	1	1
SIDS_Susceptibility_Pathways	1	1	0.0173506520196	1	1	1	1	1	1	1	1	1	1	1	1	1	1	1	1	1	1	1	1	1	1	1	1	1	0.0568486029297	1	1	1	1	1	1	1	1	1	1	1	1	1	1	1	1	1	1	1	1	0.0660463640819	1	1	1	1	1	0.0341624335205	1	1	1	1	1	1	1	1	1	0.0145873105469	1	1	1	1	1	1	1	1	1	1	1	1	1	1	1	1	1	1	1	1	1	1	1	1	1	1	1	1	1	0.0824537393682	1	1	1	1	1	1	0.0996810311184	0.0199874702212	1	1	1	1	0.0371303020901	1	1	1	1	1	1	1	1	1	1	1	1
SREBF_and_miR33_in_cholesterol_and_lipid_homeostasis	1	1	1	1	1	1	1	1	1	1	1	0.0569877739296	1	1	1	1	1	1	1	1	1	1	1	1	1	1	1	1	1	1	1	1	1	1	1	1	1	1	1	1	1	1	1	1	1	1	1	1	1	1	1	1	1	1	1	1	1	1	1	1	1	1	1	1	1	1	1	1	1	1	1	1	1	1	1	1	1	1	0.0384176188846	1	1	1	1	1	1	1	1	1	1	1	1	1	1	1	1	1	1	1	1	1	1	1	1	1	1	1	1	1	1	1	1	1	1	1	1	1	1	1	1	1	1
SREBP_signalling	1	1	1	1	1	1	1	1	1	1	0.0147130401832	1	1	1	1	1	1	1	1	1	1	1	1	1	1	0.0648685634212	1	1	0.0459192030254	0.00249005230833	0.000847633652515	1	1	1	1	1	1	0.0269510521403	1	1	1	1	1	1	1	1	1	1	1	1	1	1	1	1	1	1	1	0.0128545540394	0.00899802623226	1	1	1	1	1	1	1	1	1	1	1	1	1	1	1	1	1	1	1	1	1	0.0128103342764	1	1	1	1	1	1	0.0639663391018	1	0.0781469309001	0.0798967565115	1	1	0.00185517962148	1	1	1	1	1	1	1	1	1	1	1	1	1	1	1	1	1	1	1	1	1	1	1	1	1	1	1
Selenium_Metabolism_and_Selenoproteins	1	1	1	1	1	1	1	1	1	1	1	1	1	1	1	1	1	1	1	1	1	1	1	1	1	0.0653696314027	1	1	1	1	1	1	1	1	1	1	1	1	1	1	1	1	1	1	1	1	1	1	1	0.0503441869718	1	1	1	1	1	1	1	1	1	1	1	1	1	1	1	1	1	1	1	1	1	1	1	1	1	1	1	1	1	1	1	1	1	1	1	1	0.0819992489181	1	1	1	1	1	1	1	1	0.0340874921952	1	1	1	1	1	1	1	1	1	1	1	1	0.035857241577	1	1	1	1	1	1	1	1	1	1	1	1
Selenium_Micronutrient_Network	1	1	1	1	0.0723181253301	1	1	0.0786906138213	1	0.00221582927079	1	1	1	1	1	1	1	1	0.0493566832218	1	1	0.0921413151626	1	1	1	1	1	0.0654173221056	1	1	1	1	1	1	1	0.00280373039183	1	1	1	0.0083050726735	1	1	1	0.0670745435141	1	0.0690669372506	1	1	1	0.0493566832218	1	0.00206579090114	1	1	0.078566657428	1	1	1	1	0.00174812657042	1	1	1	1	1	1	1	1	0.009904004282	1	1	0.000816982611606	1	0.0810394576059	0.00047780972415	1	0.00356208209718	0.016619691586	0.0173582657044	1	0.00338915921042	1	1	1	1	0.0426628007272	1	0.0104356949997	0.0484933818177	0.00734890932031	0.00191742553948	1	0.0298867789068	1	1	0.00567988367045	1	0.0182162969556	1	1	1	1	0.0193792509347	1	1	1	1	0.0126414027846	1	1	0.00198034882622	1	1	1	1	1	1	0.0692235478994	0.00822422377872	1	1
Selenium_Pathway	1	1	1	1	0.0763041583759	1	1	0.0829816279301	1	0.00256011025095	1	1	1	1	1	1	1	1	0.0521946689979	1	1	0.0970583128441	1	1	1	1	1	0.0714292228838	1	1	1	1	1	1	1	0.00304568648004	1	1	1	0.00937145351684	1	1	1	0.0724775209603	1	0.0737930358246	1	1	1	0.0521946689979	1	0.00228407142107	1	1	0.0838443461983	1	1	1	1	0.00190141522517	1	1	1	1	1	1	1	1	0.0114253138999	1	1	0.000950291683832	1	0.0864579988417	0.00059819040623	1	0.00404571653591	0.0186335079476	0.018980904817	1	0.00385064311808	1	1	1	1	0.0457588733595	1	0.0118940795639	0.0525771997691	0.00830100410529	0.00221768860941	1	0.0321334371647	1	1	0.00634269746935	1	0.0193473688507	1	1	1	1	0.0214405923055	1	1	1	1	0.013204088971	1	1	0.00215331095797	1	1	1	1	1	1	0.0730594390312	0.00875555155057	1	1
Senescence_and_Autophagy	0.0422093440657	1	0.0308960494435	1	1	0.0898651605821	1	0.0375362379435	0.0991387376714	0.00267728705296	1	1	0.065950685782	1	1	1	0.00963279700294	1	0.0200567797844	1	1	1	1	1	1	1	1	0.00972060283667	1	1	1	0.0316045025914	1	1	0.0761340153081	1	1	1	1	0.0735924177801	1	1	0.0672401795207	0.000394440203355	1	0.0458860985803	0.0740824228666	1	1	1	0.0214337012514	1	0.00935004376555	1	1	1	1	1	1	0.0283554986241	1	0.0115704140926	1	1	1	1	0.0722396460044	1	0.0159861639948	1	1	0.0132035298153	1	0.0170704783649	0.0111075925024	1	0.000851084279762	1	1	1	0.0382386272022	1	1	1	1	1	0.0119123641367	0.00143783472635	3.57337139129e-05	0.00775572618139	0.00811413903951	1	1	1	0.0122295401476	1	1	1	1	1	1	0.0238018524789	0.00530220364292	1	1	1	1	1	1	1	1	1	1	1	1	1	1	1	1	1	1
Serotonin_Transporter_Activity	1	1	1	1	1	1	1	1	1	1	1	1	1	1	1	1	1	1	1	1	1	1	1	1	1	1	1	1	1	1	1	1	1	1	0.0106287805731	1	1	1	1	1	1	1	1	1	1	1	1	1	1	1	1	1	1	1	1	1	1	1	1	1	1	1	1	1	1	1	1	1	1	1	1	1	1	1	1	1	1	1	1	1	1	1	1	1	1	1	1	1	1	1	1	1	1	1	1	1	1	1	1	1	1	1	1	1	1	1	1	1	1	1	1	1	1	1	1	1	1	1	1	1	1
Signaling_Pathways_in_Glioblastoma	1	1	1	1	1	1	1	1	1	1	1	1	1	1	1	1	0.00583479731596	1	1	1	1	1	1	1	1	1	1	1	1	1	1	1	1	1	1	1	1	1	1	1	1	1	1	1	1	1	1	1	1	1	1	1	0.0456779029626	1	1	1	1	1	1	1	1	1	1	1	1	1	1	1	1	1	1	1	1	1	1	1	1	1	1	1	1	1	1	1	1	1	1	1	1	1	1	1	1	1	0.0543241041087	1	1	1	1	1	1	0.01461212444	1	1	1	1	1	1	1	1	1	1	1	1	1	1	1	1	1	1	1
Small_Ligand_GPCRs	1	1	1	1	1	1	1	1	1	1	1	1	1	1	1	1	1	1	1	1	1	1	1	1	1	1	1	1	1	1	1	1	1	1	1	1	1	1	1	0.0153342145439	1	1	1	1	1	1	1	1	1	1	1	1	1	1	1	1	1	1	1	1	1	1	1	1	1	1	1	1	0.0485523584602	1	1	0.0103105104266	1	1	0.0821727955588	1	0.0757068170395	1	1	1	1	1	1	1	1	1	1	1	1	0.095069261947	1	1	1	1	1	1	1	0.00721334279429	1	1	1	1	1	1	1	1	1	1	1	1	1	1	1	1	1	1	0.0279272801136	1	1	1	1
Spinal_Cord_Injury	0.0100510424208	1	0.00651186659426	1	1	0.0155320791974	1	1	1	0.0159069588301	1	1	1	1	1	1	1	1	1	1	1	0.0163289903432	1	1	1	1	1	0.00609570811107	0.0197515146899	1	1	1	1	1	1	1	1	0.00468567760183	1	0.0426692584617	1	0.0223886409779	1	0.0319450581228	1	1	0.092491582761	1	1	0.00552199213787	1	0.0378514998994	1	1	0.00704916931583	1	1	1	0.000660003633891	0.0361853123599	1	1	0.0612663246996	1	1	1	0.0852117694592	1	0.0290603879986	1	1	1	0.00467651854624	1.37491507841e-05	0.0013508439084	0.0393646101256	0.0062307779494	1	0.000225290269828	1	1	1	1	0.0043098805269	1	1	1	0.0597004010034	0.0204050472375	0.0963541702349	0.00121536270885	0.0313174193933	0.00568588710832	1	1	0.00747128886179	0.046133841044	1	1	0.0618074976524	1	1	1	1	1	1	1	1	1	1	1	1	1	1	1	1	1	1	1	1	1
Statin_Pathway	1	1	1	1	1	1	1	1	1	1	1	1	1	1	1	1	1	1	1	1	1	1	1	1	1	1	1	1	1	1	0.0974600025527	1	1	1	1	1	1	1	0.0369666887852	1	1	1	1	1	1	1	1	1	1	1	1	1	1	1	1	1	1	1	1	1	1	1	1	1	1	1	1	1	1	1	1	1	1	1	1	1	1	1	1	1	1	1	1	1	1	0.0712356542069	1	1	1	1	1	1	1	0.00594763106773	1	1	1	1	1	0.0493926372675	1	1	1	1	1	1	1	1	1	1	1	1	1	1	1	1	0.0553403021041	1	1	1	1
Striated_Muscle_Contraction	0.0353196289206	0.0492414369561	1	0.0579504463725	1	1	1	1	1	1	1	1	1	1	1	1	1	1	0.0602064137188	1	1	0.0946721074292	1	1	1	1	1	0.0477957050787	0.0167210489517	0.0263005261821	1	0.0768067899426	1	1	1	1	0.0719257399963	1	0.00951688720096	1	1	1	1	1	1	1	1	1	1	1	1	1	1	1	0.0428000395162	1	1	1	1	1	1	1	0.0391152590131	1	1	1	1	1	0.0965957233194	1	1	1	1	1	1	1	1	1	1	1	0.0691814193041	1	1	1	1	1	1	1	1	1	1	1	1	1	1	1	1	1	1	1	0.0122215322592	1	1	1	1	1	1	1	1	1	1	1	1	1	1	0.00104057800134	1	0.0768067899426	1	1	1
Sulfation_Biotransformation_Reaction	1	1	1	1	1	1	1	1	1	1	1	1	1	1	1	1	1	1	1	1	1	1	1	1	1	1	1	1	1	1	1	1	1	1	1	1	1	1	1	1	1	1	1	1	1	1	1	1	1	1	1	1	1	1	1	1	1	1	1	1	1	1	1	1	1	1	1	1	1	1	1	1	0.0992829601053	1	1	1	1	1	1	1	1	1	1	1	1	1	1	1	1	1	1	1	1	1	1	1	1	1	1	1	1	1	1	1	1	1	1	1	1	1	1	1	1	1	1	1	1	1	1	1	1
Sulindac_Metabolic_Pathway	1	1	1	1	1	1	1	1	1	1	1	1	1	1	1	1	1	1	1	1	1	1	1	1	1	1	1	1	1	1	1	1	1	1	1	1	0.00106980761082	1	1	1	1	1	1	1	1	1	1	1	1	1	1	1	1	1	1	1	1	1	1	1	1	1	1	1	1	1	1	1	0.0159899951591	1	1	1	1	1	1	1	1	1	1	1	1	1	1	1	1	1	1	1	1	1	1	1	1	1	1	1	1	1	1	1	1	1	1	1	1	1	1	1	1	1	1	1	1	1	1	1	1	1	1	1	1
TCA_Cycle	1	1	1	1	1	1	1	1	1	1	1	1	1	1	1	1	1	1	1	1	1	1	1	1	1	1	1	1	1	1	1	1	1	1	1	1	1	1	1	1	1	1	1	1	1	1	1	1	1	1	1	1	1	1	1	1	1	1	1	1	1	1	1	1	1	1	1	1	1	1	1	1	1	1	1	1	1	1	1	1	1	1	1	1	1	1	1	1	0.0627801333983	1	0.0802260421043	1	1	1	1	1	1	1	1	1	1	1	1	1	1	1	1	1	1	1	1	1	1	1	1	1	1	1	1	1	1
TCR_Signaling_Pathway	1	1	1	1	1	1	1	1	1	0.00337365487406	1	1	1	1	1	1	1	1	1	1	1	0.00555239406475	1	0.0398548659004	1	1	1	0.0843782366395	1	0.0138292607326	1	1	1	1	1	1	1	1	1	1	1	1	1	1	1	1	0.00906087559894	1	1	1	1	1	1	1	1	1	1	1	1	1	1	1	1	1	1	1	0.000456561391802	1	0.0927737631557	1	1	1	1	0.0303454205181	1	1	1	1	1	1	1	1	1	1	1	1	1	1	1	1	0.010903520702	1	1	1	1	1	1	1	1	1	1	1	1	1	1	1	1	0.0143622632135	1	1	1	1	0.0854560528324	1	1	1	1	0.00327303475913	1	1	1
TGF_Beta_Signaling_Pathway	1	1	1	1	1	1	1	1	1	1	1	1	1	1	1	1	1	1	0.0961417946535	1	1	0.0300085545281	1	1	1	1	1	0.0334399151859	1	1	1	1	1	1	1	1	1	1	1	1	1	1	1	0.048621855741	0.0926922372258	1	0.0859082612743	0.0194649012063	1	1	1	1	1	1	1	0.0665707631208	1	1	1	0.0435719033124	1	0.0728368303728	1	1	1	1	1	1	1	1	1	1	1	0.0194649012063	1	1	0.0364802144058	1	1	1	1	1	1	1	1	1	1	1	1	1	1	1	1	1	1	1	1	1	1	1	1	1	1	1	0.0462501059623	1	1	1	1	1	1	1	1	1	1	1	1	1	1	1	1
TGF_beta_Signaling_Pathway	1	1	1	1	1	1	1	1	1	1	1	1	1	1	1	1	1	1	1	1	1	1	1	1	1	0.0384062227976	1	1	1	1	1	1	1	1	1	1	1	1	1	1	1	1	1	1	1	1	1	1	1	1	1	1	1	1	1	1	1	1	1	1	1	1	1	1	1	1	1	0.00252802087614	1	1	1	1	1	1	1	1	1	1	1	1	1	1	1	1	1	1	1	1	1	1	1	1	1	1	1	1	1	1	1	0.0745473386253	1	0.0320290307484	1	1	1	1	1	1	1	1	1	1	1	1	1	1	1	1	1	1	1
TOR_Signaling	1	1	1	0.00437931586987	1	1	1	1	1	1	1	1	1	1	1	1	1	1	1	1	1	1	1	1	1	1	1	1	1	1	1	1	1	1	0.0964903893293	1	1	1	1	1	1	1	1	1	1	1	1	1	1	1	1	0.0547567816706	1	1	1	1	1	1	1	1	1	1	1	1	1	1	1	1	1	1	1	1	1	1	1	1	1	1	1	1	1	1	1	1	1	1	1	1	1	1	0.0680961718628	1	1	1	1	1	1	1	1	1	1	1	1	1	1	1	1	1	1	1	1	1	1	1	1	1	1	1	1	1	1
TP53_Network	1	1	1	1	1	0.000945059558796	1	1	1	1	1	0.0750254951832	1	1	1	1	0.00035846869434	1	1	1	1	1	0.0048896415763	1	1	1	1	1	1	1	1	1	1	1	1	1	0.00128829900366	0.0755404737147	1	1	1	1	1	1	1	1	1	0.00676106895429	1	1	1	1	7.25500728519e-05	1	1	1	1	1	1	1	1	1	1	1	1	1	1	1	0.0549561218061	1	1	1	1	1	1	1	0.0115494300686	1	1	1	0.0812051678531	1	1	1	1	1.19987124402e-05	0.0280404417803	0.0349904583672	1	1	1	1	1	1	0.00379410511138	1	1	1	1	1	1	0.000929239778311	1	1	1	1	1	1	1	1	1	1	1	1	1	1	1	1	1	1	1
TSH_signaling_pathway	1	1	1	1	1	1	1	1	1	1	1	1	1	1	1	1	1	1	1	1	0.0110036043414	1	1	1	1	1	1	1	1	1	1	1	1	1	1	1	1	1	1	1	1	1	1	1	1	1	1	1	1	1	1	1	1	1	1	1	1	1	1	1	1	1	1	1	1	1	1	1	1	1	1	1	1	1	1	1	1	1	1	1	1	1	1	1	1	1	1	1	1	1	1	1	1	1	1	1	1	1	1	1	1	1	1	1	0.0657533673135	1	1	1	1	1	1	1	1	1	1	1	1	1	1	1	1
TSLP_Signaling_Pathway	1	1	1	1	1	1	1	1	1	0.00033736092535	1	1	1	1	1	1	1	1	1	1	1	1	1	1	1	1	1	0.00551267335903	1	0.00703150900692	1	0.000190503652153	1	1	0.00580806077564	0.0460365955815	1	0.0878771904282	1	0.0438465620825	1	1	1	0.0360965703908	1	1	1	1	1	1	1	0.00177318353137	1	1	1	1	1	1	0.0114538903364	1	1	1	1	1	1	1	1	1	0.000958645154865	1	0.0204698821617	1.52874371353e-05	1	1	0.00380698922136	1	0.0268573591156	0.00390675070141	1	0.0536190545724	1	0.0170547487959	1	1	1	1	1	0.0955081728134	0.0268573591156	0.00176743407305	0.00183876837542	0.0877516927307	1	1	1	0.00232650271214	1	1	1	1	1	1	1	1	1	1	1	1	1	1	1	1	1	1	1	1	0.0276261966593	1	1	1	1
TWEAK_Signaling_Pathway	0.00333303228875	1	1	1	0.082576377397	0.0656495673185	1	1	1	0.00560679423956	1	1	1	1	1	1	1	1	1	1	1	0.0985260769094	1	1	1	1	1	0.002554980607	0.0178114188539	0.00408627334178	1	1	1	1	1	1	1	1	1	1	1	1	1	0.0927749552927	0.0604244814524	1	1	0.046641569687	1	0.062768709476	1	0.0101554062547	1	1	1	1	1	1	1	1	1	0.0470465687489	1	1	1	1	1	0.0408326269086	0.00828597984622	1	0.0153756742297	0.00289354713759	1	0.046641569687	0.00606246076422	1	0.0747396141954	0.00950906444802	1	0.000269131171822	0.0731868549474	0.0127866853984	1	1	1	1	1	0.0615198046058	0.0162523493292	1	0.00509062421441	1	0.00258379505192	1	1	0.046641569687	1	1	1	1	1	1	1	1	1	1	1	1	0.0449383075978	1	1	1	1	1	1	1	1	0.080004127694	1	1	1
Tamoxifen_metabolism	1	1	1	1	1	1	1	1	1	1	1	1	1	1	1	1	1	1	1	1	1	1	1	1	1	1	1	1	1	1	1	1	1	1	1	1	0.0201700405821	1	1	1	1	1	1	1	1	1	1	1	1	1	1	1	1	1	1	0.0110828548565	1	1	1	1	1	1	1	1	1	1	1	1	1	1	1	1	1	1	1	1	1	1	1	1	1	1	1	1	1	1	1	1	1	1	1	1	1	1	1	1	1	1	1	1	1	1	1	1	1	1	0.0216564468804	1	1	1	1	1	1	1	1	1	1	1	1	1	1
Toll-like_receptor_signaling_pathway	0.0366527392911	1	1	1	1	1	1	1	1	0.00666339609173	1	0.0745991248753	1	1	1	1	1	1	1	1	1	1	0.0966635743083	1	1	1	1	0.000132587230723	1	0.00505454662062	1	1	1	1	0.0646493880703	0.034018863361	1	1	0.000707521700465	1	1	0.0149811194062	0.0569453414625	0.0461267313111	0.0154774982545	0.010230871214	0.0648256829477	1	1	1	1	0.096080369281	1	1	1	1	1	1	0.0451286401455	1	1	0.051333473683	1	1	1	1	1	1	0.00119708545863	1	0.0774865260252	0.000602566016002	0.0457111093293	2.1271323439e-05	0.000264282388554	1	0.089412748021	0.0394190799061	0.00918030368669	0.00723602095196	0.0301871902053	0.00801272594942	1	0.0340175876021	1	1	1	0.027980240675	0.00942177257281	0.00555504809698	0.00581782387836	0.00346519764555	1	1	1	1	1	1	1	1	1	1	4.00393345518e-05	1	1	1	1	1	1	1	1	1	0.0166800611592	1	1	1	0.0115137083687	1	1	1	1
Trans-sulfuration_and_one_carbon_metabolism	1	1	1	1	1	1	1	1	1	1	1	1	1	1	1	0.000531162695663	1	1	1	1	1	1	1	1	1	1	1	1	1	1	1	1	1	1	1	1	1	1	1	1	1	1	1	1	1	1	1	0.0199554796922	1	1	1	1	1	1	1	1	1	1	1	1	1	1	1	1	1	1	1	1	1	1	1	1	1	1	1	1	1	1	1	1	1	1	1	1	1	0.0112042113269	1	0.0920601032163	1	1	1	1	0.0657533673138	1	1	1	1	1	1	1	0.0067789439077	1	1	1	0.0158938677355	1	1	1	1	1	1	0.00612494213274	1	1	1	1	0.0623345598991	1	1	1	1
Transcriptional_activation_by_NRF2	1	1	1	1	1	1	1	0.0125271063022	1	0.00688984425574	1	1	1	1	1	1	1	1	1	1	1	1	1	1	1	1	1	0.0852171190755	1	1	1	1	1	1	0.0195417006888	1	1	1	1	0.0595246285006	1	1	1	1	1	1	1	1	1	1	1	1	1	1	1	1	1	1	1	1	1	1	1	1	1	1	1	1	0.0225673423496	1	0.00192805655308	1	1	1	0.00615729668689	1	0.0450335650539	0.075432257788	0.00200528189999	1	1	1	1	1	1	1	1	0.0944431328878	1	0.0571375098064	0.0579292491559	1	1	1	1	1	1	1	1	1	1	1	0.050950110148	1	1	1	1	1	1	1	0.00382024258595	1	1	1	1	1	0.0160986984772	1	1	1	1
Triacylglyceride_Synthesis	1	1	1	1	1	1	1	1	1	1	1	1	1	1	1	1	1	1	1	1	1	1	1	1	1	1	1	1	1	1	1	1	1	1	1	1	1	1	1	1	1	1	1	1	1	1	1	1	1	1	1	1	1	1	1	1	1	1	1	1	1	1	1	1	1	1	1	1	1	1	1	1	1	1	1	1	1	1	1	1	1	1	1	1	1	0.0398104833801	1	1	1	1	1	1	1	1	1	1	1	1	1	1	1	1	1	1	1	1	1	1	1	1	1	1	1	1	1	1	1	1	1	1	1
Tryptophan_metabolism	1	1	1	1	1	0.0811404911166	1	1	1	1	1	1	0.0137263559292	1	1	0.0250097369956	1	1	1	1	1	1	1	1	1	1	1	1	1	1	0.0536430532404	1	1	1	1	1	0.0129554414905	0.0712134635779	1	1	0.00130291900627	1	0.0274543853929	1	1	0.00943047786096	1	1	1	1	1	1	0.0151596291819	1	1	1	1	1	1	0.032679588563	1	0.0551960327086	1	1	1	1	1	1	0.0448901132641	1	1	1	1	1	1	1	0.0219114677218	1	1	1	1	1	1	1	1	1	1	1	0.0920665350487	1	1	1	1	1	1	1	1	1	1	1	1	1	1	1	1	1	0.0143493986789	1	1	1	0.0347244196868	1	1	1	1	1	1	1	1	1	1
Type_III_interferon_signaling	1	1	1	1	1	1	1	1	1	1	1	1	1	1	1	1	1	1	1	1	1	1	1	1	1	1	1	1	1	1	1	1	1	1	1	1	1	1	1	0.0226522078631	1	1	0.00652571656187	0.0201324564441	1	0.0104576517746	1	1	1	1	1	1	1	1	1	1	1	1	1	1	1	1	1	1	1	1	1	1	1	1	1	1	1	1	1	1	1	1	1	1	1	1	1	1	1	1	1	1	0.0168814296241	0.0216922358743	1	1	1	1	1	1	1	1	1	1	1	1	1	1	1	1	1	1	1	1	1	1	1	1	1	1	1	1	1	1	1
Type_II_interferon_signaling_(IFNG)	1	5.97568384653e-06	0.0168876099646	1	2.30224485958e-05	0.0312629163359	0.000987734344669	1	1	0.00148649790362	1	2.58848335988e-07	1	1	1	1	1	1	0.0368179988806	1	5.25722649285e-05	0.00693093147023	1	1	1	1	1	6.12171428588e-05	1	0.000111031021596	1	1	1	1	0.0011049762838	0.02012969734	1	0.00351092160026	1	2.67835309486e-10	1	1	7.85139098181e-09	1.15065734718e-11	0.000197286528158	9.42360633971e-11	1	2.34098237407e-05	1	1	1	1	1	1	1	1	1	1	1	0.000896088758548	1	0.00208664874951	1	1	1	1	0.000262960537608	1	3.96608170994e-06	1	1	2.47764845307e-08	0.0790604604676	0.0217249730678	2.12732209626e-09	4.07300460938e-05	3.95789776175e-07	3.63082086263e-06	0.00214013103601	0.0236109694388	3.69391883859e-07	1	1	1	1	0.000104203720591	1	4.64290272895e-09	1.13737941287e-09	7.34573833983e-08	1.16554373708e-06	0.00374008808805	1	1	1	0.0217249730678	1	1	1	1	1	1	0.000103850548178	1	1	1	1	0.0017790183521	1	1	4.07300460938e-05	1	1	1	1	1	0.000750708771722	2.10257606145e-05	1	1	1
Vitamin_A_and_Carotenoid_Metabolism	1	1	1	1	1	0.0550350573066	1	1	1	0.0921724413054	1	1	1	1	1	1	1	1	1	1	1	1	1	1	1	0.0739441410604	1	1	1	1	1	1	1	1	1	1	0.00831239006853	1	0.0660245593721	1	1	1	1	1	1	1	1	1	1	1	1	1	1	1	1	1	1	1	1	1	1	1	1	1	1	1	1	1	1	1	1	1	1	1	1	1	1	1	1	1	1	1	1	1	1	0.002985728674	1	1	1	1	1	1	1	1	1	1	1	1	1	0.0871032291311	1	1	1	1	1	1	0.0705410827992	1	1	1	1	1	1	1	1	1	0.097045891876	1	1	1	1
Vitamin_B12_Metabolism	1	1	1	1	1	1	1	1	1	0.0458795942943	1	1	1	1	1	1	1	1	1	1	1	0.0525082855434	1	1	1	1	1	0.0158221889508	1	0.0106072801773	1	1	1	1	0.00914697775056	0.00107224872789	1	1	1	1	1	1	0.0653432098607	1	0.0314061873859	1	1	1	1	1	1	1	1	1	1	1	1	1	1	1	1	1	1	1	1	1	1	1	0.00736826357283	1	1	0.00467575460014	1	1	0.0178096068561	1	0.03038967426	0.0626060677063	0.0956021438196	0.0209021490475	1	0.00635700727436	1	1	1	1	1	0.0852406896882	1	0.0425160863896	0.00743955213309	1	1	1	1	1	1	1	1	1	1	1	1	1	1	1	1	1	1	1	0.0149264538591	1	1	1	1	1	0.0588007852542	1	1	1	1
Vitamin_D_Metabolism	1	1	1	1	1	1	1	1	1	0.0229761762254	1	0.0152152720581	1	1	1	1	1	1	1	1	1	1	1	1	1	1	1	1	1	1	1	1	1	1	1	1	1	0.06530502836	1	1	1	1	1	1	1	1	1	1	1	1	1	1	1	1	1	1	1	1	1	1	1	1	1	1	1	1	1	1	1	1	1	1	1	1	1	1	1	1	1	1	1	1	1	1	1	0.00767517896077	1	0.0370899948411	1	1	1	1	1	1	1	1	1	1	1	0.00512920637046	1	1	1	1	1	1	1	1	1	1	1	1	1	1	1	1	1	1	1	1	1
Wnt_Signaling_Pathway_and_Pluripotency	0.0366527392911	1	1	1	1	1	1	1	1	1	1	1	1	1	1	1	1	1	1	1	1	1	1	1	1	1	1	1	1	1	1	1	1	1	1	1	1	1	1	1	1	1	1	1	1	1	1	1	1	1	1	1	1	1	1	1	1	1	1	1	1	1	1	1	1	1	1	1	1	1	1	1	1	1	1	1	1	1	1	1	1	1	1	1	1	1	1	1	1	1	1	1	1	1	1	1	1	1	1	1	1	1	1	1	1	1	1	1	1	1	1	1	1	1	1	1	1	1	1	1	1
mRNA_Processing	1	1	1	1	1	1	1	1	1	1	1	1	1	1	1	1	1	1	1	1	1	1	1	1	1	1	1	1	1	1	1	1	1	1	1	1	1	1	1	1	1	1	1	1	1	1	1	1	1	1	1	1	1	1	1	1	1	1	1	1	1	1	1	1	1	1	1	1	1	1	1	1	1	1	1	1	1	1	1	1	1	1	1	1	1	1	1	1	1	1	1	1	1	1	1	1	1	1	0.0383253250606	1	1	1	1	1	1	1	1	1	1	1	1	1	1	1	1	1	1	1	1	1	1
metapathway_biotransformation	1	0.0182576205413	1	1	1	1	1	1	1	1	1	1	0.00450950763031	1	0.0971130450019	1	1	1	1	1	1	1	1	1	1	1	1	1	1	1	1	1	1	1	1	1	1	1	1	1	1	1	1	1	1	1	1	1	1	1	1	1	1	1	1	1	1	1	1	1	1	1	1	1	1	1	1	1	1	1	1	1	1	1	1	1	1	1	1	0.0108454174837	1	1	1	1	1	1	1	1	1	1	1	1	1	1	1	1	1	1	0.0701860616279	0.0733298904007	1	1	1	1	1	1	0.0477545741817	1	1	1	1	1	1	0.0125977187675	1	1	1	1	1	1	1
miR-targeted_genes_in_adipocytes_-_TarBase	1	1	1	1	1	1	1	1	1	1	1	1	1	1	1	1	1	1	1	1	1	1	1	1	1	1	1	1	1	1	1	1	1	1	1	1	0.0689538898659	1	1	1	1	1	1	1	1	1	1	1	1	1	1	1	1	1	1	1	1	1	1	1	1	1	1	1	1	1	1	1	1	1	1	1	1	1	1	1	1	1	1	1	1	1	1	1	1	1	1	1	1	1	1	1	1	1	1	1	1	1	1	1	1	1	1	1	1	1	1	1	1	1	1	1	1	1	1	1	1	1	1	1	1
miR-targeted_genes_in_epithelium_-_TarBase	1	1	1	1	1	1	1	1	1	1	0.0924655257191	1	1	1	1	1	1	1	1	0.00664632144128	1	1	1	1	1	1	1	1	1	1	1	1	1	1	1	1	1	1	1	1	1	1	1	1	1	1	1	1	1	1	1	1	1	1	1	1	1	1	1	1	1	1	1	1	1	1	1	1	1	1	1	1	1	1	1	1	1	1	1	1	1	1	1	1	1	1	1	1	1	1	1	1	1	1	1	1	1	1	1	1	0.00036447439894	1	1	1	1	1	1	1	1	1	1	1	1	1	1	1	1	1	1	1	1
miR-targeted_genes_in_leukocytes_-_TarBase	1	1	1	1	1	0.0334249739075	1	1	1	0.0944286432873	0.00147694489182	1	1	1	1	1	1	0.0845528864723	1	1	1	1	1	1	1	0.00323224611883	1	1	0.0727796813307	1	0.0130970113712	1	1	1	1	1	0.0345425326761	1	1	1	1	1	1	1	1	1	1	1	1	0.0813611480372	1	1	1	1	1	0.00986531510875	0.0298359349374	1	0.00618122201313	1	1	1	1	1	1	1	1	1	0.00543936653244	1	0.0400865046589	1	0.0465177973956	1	0.064290802232	1	1	1	1	1	1	1	0.0953820803328	1	1	1	1	1	1	1	0.0853538275047	1	0.0849219316456	1	1	1	0.0271179265659	1	1	1	0.0312227243502	1	1	1	1	1	1	1	1	1	1	1	0.0119731344724	1	1	1	1	1	1	0.0863974154916	0.0298359349374
miR-targeted_genes_in_lymphocytes_-_TarBase	1	1	1	1	1	1	1	1	1	1	0.0678439010616	1	1	1	1	1	1	1	1	0.0189795739875	1	1	1	1	1	1	1	1	1	1	1	1	1	1	1	1	1	1	1	1	1	1	1	1	1	1	1	1	1	1	1	1	1	1	1	1	0.0451590625371	1	1	1	1	1	1	1	1	1	1	1	1	1	1	1	1	1	1	1	1	1	1	1	1	1	1	1	1	1	1	1	1	1	1	1	1	1	0.0779866835719	1	1	1	1	1	0.00342740429665	1	1	1	1	1	1	1	1	1	1	1	1	1	1	1	1	1	1	1	1
miR-targeted_genes_in_muscle_cell_-_TarBase	1	1	1	1	1	1	1	1	1	1	1	1	1	1	1	1	1	1	1	0.0105159351045	1	1	1	1	1	1	1	1	1	1	1	1	1	1	1	1	1	1	1	1	1	1	1	1	1	1	1	1	1	1	1	1	1	1	1	1	1	1	1	1	1	1	1	0.0885147468097	1	1	1	0.0949516785542	1	1	1	1	1	1	1	1	1	1	1	1	1	1	1	1	1	1	1	1	1	1	1	1	1	1	1	1	0.060278920434	1	1	1	0.0880803611585	1	1	1	1	1	1	1	1	1	1	1	1	1	1	1	1	1	1	1	1
miR-targeted_genes_in_squamous_cell_-_TarBase	1	1	1	1	1	1	1	1	1	1	0.093507086397	1	1	1	1	1	1	1	1	1	1	1	1	0.0194975438369	1	0.0580725392069	1	1	1	1	1	1	1	1	1	1	1	1	1	1	1	1	1	1	1	1	1	1	1	1	1	1	1	1	1	0.0412595184526	0.0291958551628	1	1	1	1	1	1	1	1	1	1	1	1	1	1	1	1	1	1	1	1	1	1	1	1	1	1	1	1	1	1	1	1	1	1	1	1	1	1	1	1	1	1	1	0.0303020910277	1	1	1	1	1	1	1	1	1	1	1	1	1	1	1	1	1	1	1	0.0291958551628
miRNA_Regulation_of_DNA_Damage_Response	1	1	1	1	1	0.0258461656933	1	1	1	1	1	1	1	1	1	1	0.000309003051627	1	1	1	1	1	0.0982420808622	1	1	0.0434069501147	1	1	1	1	1	1	1	1	1	1	1	1	1	1	1	1	1	1	1	1	1	0.0473643111338	1	1	1	1	0.00822708885367	1	1	1	1	1	1	1	1	1	1	1	1	1	1	0.0432474378212	1	1	1	1	1	1	1	1	1	1	1	1	1	1	1	1	1	1	1	1	1	1	1	1	1	1	1	1	1	1	1	1	1	1	1	1	1	1	1	1	1	1	1	1	1	1	1	1	1	1	1	1	1
p38_MAPK_Signaling_Pathway	1	1	1	1	1	1	1	1	1	1	1	1	1	1	1	1	1	1	1	1	1	1	1	1	1	1	1	1	0.0713954054032	1	1	1	1	1	1	1	1	1	1	1	1	1	1	1	1	1	1	1	1	1	1	1	1	1	1	1	1	1	1	1	1	1	1	1	1	1	1	1	1	1	1	1	1	1	1	1	1	1	1	1	1	1	1	1	1	1	1	1	1	1	1	0.0443836002401	1	1	1	1	1	1	1	1	1	1	1	1	1	1	1	1	0.0291849318916	1	1	1	1	1	1	1	1	1	1	1	1
