	AHR	ARID3A	ARID5B	ARNT	ASCL2	ATF3	ATF4	ATF5	BATF	BATF3	BBX	BCL11A	BHLHE41	CDC5L	CEBPD	CEBPG	CEBPZ	CREB3	CREB3L2	CREM	CUX1	DBP	DDIT3	DNMT1	DNTTIP1	EGR2	EPAS1	ETS2	ETV5	FOS	FOXO3	GTF3A	HBP1	HES6	HIF1A	HLX	HMG20B	HMGA1	HMGN3	IRF1	IRF2	IRF3	IRF5	IRF7	IRF8	IRF9	JUN	JUNB	JUND	KLF10	KLF6	LCORL	LYL1	MAFB	MAFF	MBD2	MECP2	MEF2A	MITF	MSANTD3	MSC	MTF1	MTF2	MXD1	MXD4	NFAT5	NFE2L1	NFE2L2	NFKB1	NFKB2	NR1H3	NR3C1	PKNOX1	PLSCR1	POU2F2	PPARG	RBPJ	REL	RELA	RELB	RREB1	RUNX1	SNAI3	SOX4	SP3	STAT1	STAT2	STAT3	STAT4	STAT5A	TCF4	TCF7L2	TFDP2	TFEB	TFEC	TGIF1	THAP1	TSC22D1	XBP1	XPA	YBX1	YY1	ZBTB43	ZEB2	ZHX1	ZNF143	ZNF267	ZNF274	ZNF281	ZNF322	ZNF350	ZNF37A	ZNF394	ZNF444	ZNF580	ZNF75A	ZNF780A
AGE/RAGE_pathway	1	1	1	1	1	0.00295027033045	1	1	0.0195417006896	1	1	0.0702690960001	1	1	1	1	1	1	0.0306407281761	1	1	0.0589265944465	1	1	1	1	1	0.0801782928028	0.0436217662896	1	1	1	1	1	1	1	1	1	1	1	1	0.0508558398974	1	1	1	1	1	0.049903319061	1	0.0151147661388	0.0187549527582	0.0337437286673	0.00877872227298	1	1	1	1	1	0.0704051069595	1	1	1	1	1	1	1	1	0.0350752586387	1	0.0248121833789	0.0766266298856	0.019492813969	1	1	0.0822402591906	0.00612493516392	1	1	0.023185155511	0.0337437286673	1	1	1	1	1	1	0.00580680383222	1	0.0404989938646	0.0341064598804	1	1	1	1	1	1	1	1	1	1	1	0.074569440369	1	1	1	0.0875140940915	1	1	1	1	1	1	1	1	1	1	1
ATM_Signaling_Pathway	1	1	1	1	1	0.02488719956	1	1	1	1	1	1	1	1	1	1	1	1	1	1	1	1	1	1	1	0.0708073851199	1	1	1	1	1	1	1	1	1	1	1	1	1	1	1	1	1	1	1	1	1	1	1	1	1	1	1	1	1	1	1	1	1	1	1	1	1	1	1	1	1	1	1	1	1	1	1	1	1	1	1	1	1	1	1	1	1	1	0.0209274480117	1	1	1	1	1	1	1	1	1	1	1	1	1	1	1	1	1	1	1	1	1	1	1	1	1	1	1	1	1	1	1	1
Adipogenesis	0.0647834366872	1	1	1	1	0.033711758323	1	1	1	1	1	0.0642528594987	1	1	1	1	1	1	1	1	1	1	0.00390756489305	1	1	0.000325319444487	1	0.0765651989078	1	1	1	1	1	1	0.0416419477601	1	1	1	1	1	1	1	1	1	1	0.0838394478128	1	0.0170366682109	1	1	1	1	1	0.0455524982574	0.0789109322621	1	1	1	1	1	1	1	1	0.0517757159696	1	1	0.0305368295458	1	1	1	0.0547936331446	1	1	1	0.0791784850894	1	1	1	1	0.0975852134203	1	1	1	1	0.0816662688906	1	1	1	1	1	1	1	1	1	1	0.0111777591745	1	0.0264241083289	1	1	1	1	1	1	0.0274327198618	0.0603607086561	1	1	1	0.0305368295458	1	1	0.028434145919	1	1	0.0171940354619	1
Aflatoxin_B1_metabolism	1	1	1	1	1	1	1	1	1	1	1	1	1	1	0.00125563641332	1	1	1	1	1	1	1	1	1	1	1	1	1	1	1	1	1	1	1	1	1	1	1	1	1	1	1	1	1	1	1	1	1	1	1	1	1	1	1	1	1	1	1	1	1	1	1	1	1	1	1	1	1	1	1	1	1	1	1	1	1	1	1	1	1	1	1	1	1	1	1	1	1	1	1	1	1	1	1	1	1	1	1	1	1	1	1	1	1	1	1	1	1	1	1	1	1	1	1	1	1	1
Allograft_Rejection	0.00812535560642	1	0.0328423685007	1	1	0.0471894451487	1	1	1	0.00627176499357	0.00066931687576	1	1	1	1	1	1	1	0.0181954608346	1	1	1	1	0.0170704676645	1	0.00300948810981	1	0.000333424140941	1	0.0931152042916	1	1	1	1	0.054323750295	1	0.0524735205738	1	1	0.0994128937905	1	1	0.0489263774029	0.0157432305944	0.01175907128	0.0875887780273	0.015240992745	1	1	1	0.01096919164	1	1	1	1	1	1	0.00166671266214	1	1	1	1	1	1	1	0.0233081600331	1	0.00353995640653	1	1	0.000472895613215	0.00147279334366	1	1	0.0454405542688	0.0335425706517	0.00343667463782	1	0.0442158079125	1	1	1	1	1	1	0.0537214865361	1	0.000785361015247	0.018959460266	0.00262658619679	1	1	1	0.024543702089	1	1	1	1	0.0233081600331	1	1	0.0524735205738	1	1	1	1	1	1	1	1	1	1	1	1	1	1	1
Alzheimers_Disease	1	1	1	1	1	1	1	1	1	1	1	1	1	1	1	1	0.0181435466488	1	1	1	1	0.0398548070998	1	1	1	1	1	1	1	1	1	1	1	1	1	1	1	1	1	1	1	1	1	1	1	1	1	1	1	1	1	1	1	1	1	1	1	1	1	1	1	1	0.0132272549323	1	1	0.0226896722651	1	1	1	1	1	1	1	1	1	1	1	1	1	1	1	1	0.00900070697425	1	1	1	1	1	1	1	1	1	1	1	1	1	1	1	1	1	1	1	1	1	1	1	1	1	1	1	1	1	1	0.0854871446855	1	1	1
Amyotrophic_lateral_sclerosis_(ALS)	1	1	1	1	1	1	1	1	1	1	1	1	1	1	1	1	1	1	1	1	1	1	1	1	1	1	1	1	1	1	1	1	1	1	1	1	1	1	1	0.0255137925645	1	1	1	1	1	1	1	0.0582218708045	1	1	1	1	1	1	1	1	1	1	0.0010722487277	1	1	1	1	1	1	1	1	1	1	1	1	1	1	0.00588725320686	1	1	1	1	1	1	1	1	1	1	1	1	1	1	1	1	1	1	1	1	1	1	1	1	1	1	1	1	1	1	1	1	1	1	1	1	1	1	0.0733512156634	1	1	1	1
Androgen_receptor_signaling_pathway	0.0252879592551	1	1	1	1	1	1	1	1	1	1	1	1	1	1	1	0.00652352259093	1	1	1	1	1	0.0754238242295	1	1	1	1	1	0.0164109297455	1	1	0.0750128359087	1	1	1	1	1	1	1	1	1	1	1	1	1	1	1	1	1	1	1	1	1	1	1	1	1	1	1	1	1	1	1	1	1	1	0.0807676537495	1	1	1	1	1	1	1	1	1	1	1	1	1	1	1	1	1	1	1	1	1	1	1	1	1	1	1	1	1	1	1	1	1	1	1	1	1	1	1	1	1	1	1	1	1	1	1	1	1	1
Angiogenesis	1	1	1	1	1	0.030365131402	1	1	1	1	1	1	1	1	1	1	1	1	1	1	1	1	1	1	1	0.0852117694588	1	1	0.0197308825949	1	1	1	1	1	0.0337437286654	1	1	0.0162853375633	1	1	1	1	1	1	1	1	1	1	1	0.00907361611999	1	1	1	1	0.0100760124855	1	1	0.0391239850347	1	1	1	1	1	1	1	1	1	1	1	1	0.0238742443405	1	0.0699589948946	1	0.0100651720524	0.0219186291352	1	1	1	1	1	1	1	1	1	1	1	0.00156672353776	0.0147183951727	0.0164122301005	1	1	1	0.00587461542073	1	1	1	1	1	1	1	1	1	1	1	1	1	1	1	1	1	1	1	1	1	1	1
Apoptosis	1	1	1	1	1	0.000195672130239	1	1	1	0.03252440904	1	0.0123087333801	1	1	1	0.0792238807708	0.0063828987097	1	1	1	0.0189179214331	0.0970583128441	1	1	0.0189179214331	1	1	0.0509497065493	1	1	1	0.0730594390312	1	1	1	1	0.0177611176244	1	1	0.00023941740215	1	1	1	0.00164147233019	0.0347748282646	0.00484462972635	1	0.00342891549956	1	1	1	0.00519462122768	1	1	1	1	1	1	0.0162506847174	1	1	1	1	1	1	1	0.0792238807708	0.00172817021794	1	0.016437388184	1	1	1	0.0367770939845	0.015795853069	0.0543073867164	1	0.0284204067382	0.0151719520109	1	1	1	1	1	1	0.0348659558214	0.000896674271748	0.00830100410529	0.029274524991	1	0.0494890205378	1	0.0328294458213	1	1	1	1	1	1	1	1	1	1	1	1	0.0227481042499	1	0.0177611176244	1	0.0792238807708	1	1	1	0.0730594390312	1	1	1
Apoptosis-related_network_due_to_altered_Notch3_in_ovarian_cancer	1	1	1	0.0177079613055	1	0.0326579519189	1	0.0206336069963	1	0.000488986499763	1	1	1	1	1	1	1	1	1	1	1	0.0246601907213	0.0270578667197	1	1	0.0355929354948	1	0.0278370184939	0.017873120647	1	1	0.00219662642999	1	1	1	1	1	0.0122449815717	1	0.0150963327642	1	1	1	0.00865809819565	1	1	1	0.00268185154139	1	0.0528887317143	1	1	0.00447988326972	1	1	1	1	0.00301731626818	1	1	1	1	1	1	1	1	1	0.00166856855023	1	0.00609980635607	0.000997602589881	1	0.00485211694035	1	0.0286428673463	0.000822385104066	1	1	1	1	1	1	1	1	1	0.0314131239751	1	0.0101824705605	0.0105081850738	1	0.0115880997739	1	1	0.0707678022656	0.0451987620019	1	1	1	1	1	1	1	1	1	0.00447988326972	0.0477122627302	1	0.00382532134305	1	1	1	1	0.0290824656564	1	1	1	1
Apoptosis_Modulation_by_HSP70	1	1	1	1	1	0.0332671296244	1	1	1	1	1	1	1	1	1	1	1	1	1	1	1	1	1	1	1	1	1	1	1	1	1	1	1	1	1	1	1	1	1	1	1	1	1	1	1	1	1	1	1	1	1	1	1	1	1	1	1	1	1	1	1	1	1	1	1	1	1	0.0979857290713	1	0.0837214947688	1	1	0.0762484435302	1	0.0824602261966	1	1	1	1	1	1	1	1	1	1	1	1	1	1	1	1	1	1	1	1	1	1	1	1	1	1	1	1	1	1	1	1	1	1	1	1	1	1	1	1	1	1
Arrhythmogenic_right_ventricular_cardiomyopathy_(ARVC)	1	1	0.0508214237589	1	1	1	1	1	1	1	1	1	1	1	1	1	1	1	1	1	1	1	1	0.00197401209191	1	1	1	1	1	1	1	1	0.00602873838352	1	1	1	1	1	1	1	1	1	1	1	1	1	1	1	1	1	1	1	1	1	1	1	1	1	1	1	1	1	1	1	1	1	1	1	1	1	1	1	1	1	1	1	1	1	1	1	1	1	1	1	1	1	1	1	1	1	1	1	1	1	1	1	1	1	1	1	1	1	1	1	1	1	0.0114973675111	1	1	1	1	1	1	1	1	1	1
Aryl_Hydrocarbon_Receptor	1	1	1	1	1	0.0196472801142	1	0.0122352884915	1	0.00139392878719	1	0.0620130076041	1	1	1	0.0202428075328	1	1	1	1	1	0.0946721074292	0.00116158535849	1	1	0.00337545460927	1	0.0691814193041	1	1	0.0299179370633	1	1	1	1	1	0.00219092640251	1	1	1	1	1	1	1	1	1	1	0.0843202801872	0.00889039049803	1	1	0.0122215322592	1	0.00902074406474	0.0039452005185	1	1	0.0756167981904	1	1	1	1	1	1	1	1	0.00130534142614	0.0209817441105	0.0146999976776	0.0721512384507	0.0425600023212	1	1	1	1	1	0.00583640562557	1	0.0691814193041	1	1	1	1	1	0.0973159320763	0.0572918982879	1	1	0.09790465385	1	1	1	1	0.00768745461253	1	1	1	0.00560364719227	1	1	1	0.0281982733762	1	0.0265203800168	1	1	1	1	1	1	1	1	0.017427694537	1	1	0.000687814855983	1
Aryl_Hydrocarbon_Receptor_Pathway	1	1	1	1	1	0.0249883244936	1	0.0156619872784	1	1	1	1	1	1	1	1	1	1	1	1	1	1	1	1	1	1	1	0.0858047281792	1	1	0.0353925832659	1	1	0.000837077149462	1	1	1	1	1	1	1	1	1	1	1	1	1	1	1	1	1	1	1	0.0814458648623	0.0484328073871	1	1	0.0301625153958	1	1	1	1	1	1	1	1	0.0240225900393	1	1	1	0.0563733468141	0.0279532304889	1	1	0.00375499651715	1	0.0454613573471	1	0.0858047281792	1	1	1	1	1	1	1	1	1	0.00680745568938	0.0759971829913	0.0680597509027	1	1	0.0551237174691	1	1	1	1	1	1	1	1	1	0.00258942000915	1	0.0395644102647	1	1	1	1	1	1	1	1	1	1	1
Arylhydrocarbon_receptor_(AhR)_signaling_pathway	1	1	1	1	1	0.00642911726107	1	0.00391341877036	1	1	1	1	1	1	1	1	1	1	1	1	1	1	0.00861240788691	1	1	0.0302439896739	1	1	1	1	0.0138948516276	1	1	1	1	1	0.0130720143738	1	1	1	1	1	1	1	1	1	1	1	1	1	1	1	1	0.0334305454494	0.0192856151379	1	1	0.0901685000337	1	1	1	1	1	1	1	1	0.00929750821024	0.0328722081803	1	1	0.0571563523283	0.0607992241504	1	1	0.0253409446567	1	1	1	1	1	1	1	1	1	0.0477272445497	1	1	1	0.00578849985945	1	1	1	1	0.0970460789743	1	1	1	1	1	1	1	1	1	0.0122714707388	1	0.0156063684184	1	1	1	1	1	1	1	1	1	0.00611375111206	1
BCL-XL_prevents_the_binding_of_truncated_BID_to_BAX._This_is_prevented_by_BAD._BAD_can_displace_tBID_from_BCL-XL.___	1	1	1	1	1	0.00839210104527	1	1	1	0.0367807171625	1	1	1	1	1	0.0838838740987	1	1	1	1	1	1	1	1	1	1	1	0.0572681575363	1	1	1	1	1	1	1	1	1	1	1	0.0291351845436	1	0.0783538096833	1	1	1	1	1	0.02114962959	1	1	0.0354515581025	1	1	1	1	1	1	1	0.0177519508643	1	1	1	1	1	1	1	0.0838838740987	0.00213785769083	1	0.0190813989013	1	0.0427880930322	1	1	1	1	1	0.030950911842	1	1	1	1	1	1	1	1	0.0590701221765	1	0.0337183573157	1	0.00152170950055	1	1	1	1	1	1	1	1	1	1	0.019393373583	1	1	1	1	1	0.019393373583	1	0.0838838740987	1	1	1	1	1	0.0575191875682	1
BDNF_signaling_pathway	1	1	1	1	1	1	1	1	1	1	1	1	1	1	1	1	1	1	1	1	1	1	1	0.0865998991894	1	1	1	1	1	0.0357238015922	0.0653815441217	1	1	1	1	1	1	1	1	1	1	1	1	1	1	1	1	0.0840145170783	1	0.0866215243049	0.00513362911545	1	1	1	0.0982042583977	1	1	1	1	1	1	0.0923366704951	1	1	1	1	1	1	1	1	1	1	1	1	1	0.0733328108672	1	1	1	1	1	1	1	1	0.0338810109837	1	1	1	1	1	0.0442003766156	1	1	1	1	1	1	1	1	1	1	1	1	1	1	0.0756680688893	1	1	1	1	1	1	1	0.0718261859408	1	1	1
B_Cell_Receptor_Signaling_Pathway	1	1	1	1	1	1	1	1	1	1	1	1	1	1	1	1	1	1	1	1	1	1	1	1	1	1	1	1	1	1	1	1	1	1	1	1	1	1	1	1	1	1	1	1	1	1	1	1	1	1	1	1	1	1	1	1	1	1	1	1	1	1	1	1	1	1	1	0.0956629540124	1	1	1	1	1	1	1	1	1	1	1	1	1	1	1	1	1	1	1	1	1	1	1	1	1	1	1	1	1	1	1	1	1	1	1	1	1	1	1	1	1	1	1	1	1	1	1	1	1
Benzo(a)pyrene_metabolism	1	1	1	1	1	1	1	1	1	1	1	1	1	1	1	1	1	1	1	1	1	1	1	1	1	1	1	1	1	1	1	1	1	1	1	1	1	1	1	1	1	1	1	1	1	1	1	1	1	1	1	1	1	1	0.00201388298822	1	1	1	1	1	1	1	1	1	1	1	1	1	1	1	1	1	1	1	1	1	1	1	1	1	1	1	1	1	1	1	1	1	1	1	1	1	1	1	1	1	1	1	1	1	1	1	1	1	1	1	1	1	1	1	1	1	1	1	1	1	1
Bladder_Cancer	1	1	1	1	1	0.00856560740193	1	1	1	1	1	1	1	1	1	1	0.000788389883754	1	1	1	1	1	1	1	1	1	1	1	1	1	1	0.0447405735646	1	1	1	1	0.0158938677355	1	1	1	1	1	1	1	1	1	1	0.0493253106943	1	1	1	0.0067789439077	1	1	1	1	1	1	1	1	1	1	1	1	1	1	0.0113271293188	1	1	1	0.0732811004342	1	1	1	1	1	1	1	1	1	1	1	1	1	0.0573279576522	1	1	1	1	1	1	1	0.00434893634205	1	1	1	1	0.0294593961295	1	0.00203268297034	1	1	1	1	1	1	1	1	1	1	1	1	1	1	1	1	1
Calcium_Regulation_in_the_Cardiac_Cell	1	0.0233149268506	1	1	1	1	1	1	1	1	1	1	1	1	1	1	1	1	1	1	1	1	1	1	1	1	1	1	0.0762443890012	1	1	1	1	1	1	1	1	0.00213385745419	1	1	1	1	1	1	1	1	1	1	1	1	1	1	1	1	0.00500138133345	1	0.0635896672439	0.0546868665121	1	1	1	1	1	1	1	1	1	1	1	1	1	1	0.0147227727129	1	1	1	1	1	1	1	1	1	1	1	1	1	1	1	1	1	1	1	1	1	1	1	1	1	1	1	1	1	1	1	1	0.0175761204654	1	1	1	1	1	0.0719748203743	1	1	1	1	1
Cell_Cycle	1	1	1	1	1	1	1	1	1	1	1	1	1	1	1	1	0.00896627979874	1	1	1	1	1	1	1	1	1	1	1	1	1	1	1	1	1	1	1	0.0280863682581	1	1	1	1	1	1	1	1	1	0.0678473674846	1	1	1	1	0.067703573258	1	1	1	1	1	1	1	1	1	1	1	1	1	1	1	1	1	1	1	1	1	1	1	1	1	1	1	1	1	1	1	1	0.0435215303814	1	1	1	1	1	1	1	0.0451870470633	1	1	1	1	1	1	0.0222025206964	1	1	1	1	1	1	1	1	1	1	1	1	1	1	1	0.0738091836629	1
Cholesterol_Biosynthesis	1	1	1	1	1	1	1	1	1	1	1	1	1	1	1	1	1	1	1	1	1	1	1	1	1	0.00763070029038	1	1	0.014421848498	1	1	1	1	1	1	1	1	0.0774585239287	1	1	1	1	1	1	1	1	1	1	1	1	1	1	1	1	1	1	1.21214634827e-05	0.0253749794515	1	1	1	1	1	1	1	1	1	1	1	1	1	1	1	1	1	0.0139785989576	1	1	0.00615653783537	1	1	1	1	1	1	1	1	1	1	1	1	1	1	1	1	1	1	1	1	1	0.0170704676654	1	1	1	1	1	1	1	1	1	1	1	1	1	1	1	1
Complement_Activation,_Classical_Pathway	1	1	1	1	1	1	1	1	1	0.0310600489004	1	0.0358441610066	1	1	1	1	1	1	1	1	1	1	1	1	1	1	1	0.000212142007831	1	1	1	1	1	7.45632464664e-05	1	1	1	0.0546449452455	1	1	1	4.04524664994e-05	1	1	1	1	1	1	1	1	1	1	1	0.00882298365686	1	1	1	0.000118694040299	1	1	1	1	1	1	1	1	1	0.00472346520442	1	1	0.000754168775299	0.000930491793905	1	1	1	1	0.0016245959673	1	1	1	1	0.000207761938715	1	1	1	1	1	1	0.0510675081219	8.02378059694e-06	1	1	1	1	1	1	1	1	1	1	1	1	1	1	1	1	1	1	1	1	1	1	1	1	1	1	1
Complement_and_Coagulation_Cascades	1	1	1	1	1	0.0471894451487	1	1	1	1	1	0.00161029720444	0.0100951024936	1	0.049460536642	1	1	1	1	0.00204884113507	1	1	0.0354280027303	1	1	1	1	0.00203554467293	0.0262473357786	1	0.0555507052156	1	1	0.00137648418504	1	1	1	0.077150205536	1	1	1	0.00310757500619	1	1	0.0822574698635	1	0.00175935247859	1	1	1	0.078732549932	1	1	0.00304342822655	0.0752575059184	1	1	0.0244858705332	0.049460536642	1	1	1	1	1	1	0.0233081600331	1	0.00353995640653	1	1	0.0103030797745	0.00147279334366	1	1	1	1	0.00050860995173	1	1	1	1	0.00376595416116	1	0.0436349893535	1	0.0537214865361	1	1	1	0.000263666798243	1	1	1	1	1	1	1	0.0143217900081	1	1	1	1	1	1	1	1	1	1	1	1	1	1	1	1	1	1	1
Constitutive_Androstane_Receptor_Pathway	1	1	1	1	1	0.0713614478698	1	1	1	1	1	1	1	1	1	0.012043333773	1	1	1	1	1	1	1	1	1	0.0426812935127	1	1	1	1	1	1	1	1	1	1	1	0.0559320124969	1	1	1	1	1	1	1	1	1	1	1	1	1	1	1	1	0.0248228324588	1	1	1	1	1	1	1	1	1	1	1	0.012043333773	1	1	1	1	1	1	1	1	1	1	1	1	1	1	1	1	1	1	1	1	1	1	1	1	1	1	1	1	1	1	1	1	1	1	0.0168876099646	1	1	1	0.02012969734	1	1	0.00651830457111	1	1	1	1	1	1	1	1
Corticotropin-releasing_hormone	1	1	1	1	1	1	1	1	1	1	1	1	1	1	1	1	1	1	1	1	1	0.0970583128441	1	1	1	1	1	1	1	1	1	1	1	1	1	1	1	1	1	1	1	1	1	1	1	1	1	1	1	1	0.032581342519	1	1	1	1	1	1	1	1	1	1	1	1	1	1	1	0.0792238807708	1	1	1	1	1	1	1	1	1	1	1	1	1	1	1	1	1	1	1	1	1	1	1	0.0494890205378	1	1	1	1	1	1	1	1	1	1	1	1	1	1	1	1	1	1	0.0792238807708	1	1	1	1	1	1	1
Cytochrome_P450	1	1	1	1	1	1	1	1	1	1	1	1	0.000544287652854	1	1	0.0441674042919	1	1	1	1	1	1	1	1	1	1	1	1	1	1	1	1	1	1	1	1	1	1	1	1	1	1	1	1	1	1	1	1	1	1	1	1	1	1	1	1	1	1	1	1	1	1	1	1	1	1	1	1	1	1	1	1	1	1	1	1	1	0.0827083195243	1	1	1	1	1	1	1	1	1	1	1	1	1	1	1	1	1	1	1	1	1	1	1	1	1	0.006602307128	1	1	1	1	1	1	0.00161854514222	1	1	1	1	1	1
Cytokines_and_Inflammatory_Response	1	1	0.00587491581946	1	1	1	1	1	1	0.0828271526436	1	1	1	1	1	1	1	1	1	1	1	1	1	1	1	1	1	1	1	1	1	1	1	1	1	1	1	1	1	1	1	1	1	1	1	1	1	1	1	1	1	1	1	1	1	1	1	0.062176546739	1	1	1	1	1	1	1	1	1	1	1	1	0.0386766576807	0.0460471326513	1	1	1	1	1	1	1	1	1	1	1	1	1	1	1	1	1	1	1	1	1	0.0743317980715	0.0109431590416	1	1	1	1	1	1	1	1	1	1	1	1	1	1	1	1	1	1	1	1	1	1
DNA_Damage_Response	1	1	1	1	1	0.00295027033045	1	1	1	1	1	0.0702690960001	1	1	1	1	0.000100326029362	1	1	1	1	1	0.0508558398974	1	1	0.00806186192739	1	1	1	1	1	1	1	1	1	1	0.074569440369	0.0464095800214	1	1	1	1	1	1	1	1	1	0.00922853715052	1	0.0964903893322	1	0.00285074617559	1	1	1	1	1	1	1	1	1	1	1	1	1	1	0.00610678977185	1	1	0.084328552854	0.0766266298856	1	0.0721970040564	1	0.0822402591906	1	1	1	1	1	1	1	1	1	1	1	1	1	1	1	1	1	1	1	1	1	1	1	1	1	1	1	1	1	1	0.0875140940915	1	0.074569440369	1	1	1	1	1	1	1	1	1
DNA_Damage_Response_(only_ATM_dependent)	1	1	1	1	1	0.0302039822801	1	1	1	1	1	1	1	1	1	1	0.00596965725282	1	1	1	1	1	0.0696768056336	1	1	1	1	1	1	1	1	1	1	1	1	1	1	1	1	1	1	1	1	1	1	1	1	0.0765832648542	1	1	1	0.0466531459822	1	1	1	1	1	1	1	1	1	1	1	1	1	1	0.0746515447214	1	1	1	1	1	1	1	0.0465247786119	1	1	1	1	1	1	1	1	1	1	1	1	1	1	1	1	1	1	1	1	1	1	1	1	1	1	1	1	1	1	1	1	1	1	1	1	1	1	1	1	1	1
Differentiation_Pathway	1	1	1	1	1	1	1	1	1	1	1	1	1	1	1	1	1	1	1	1	1	1	1	1	1	1	1	1	1	1	1	1	1	1	1	1	1	1	1	1	1	1	1	1	1	1	0.0653678516885	1	1	1	1	1	1	1	1	1	1	1	1	1	1	1	1	1	1	1	1	1	1	1	1	1	1	1	1	1	1	1	1	1	1	1	1	1	1	1	1	1	1	1	1	1	1	1	1	1	1	0.0627687094781	1	1	1	1	1	1	1	1	1	1	1	1	1	1	1	1	1	1	1
Diurnally_Regulated_Genes_with_Circadian_Orthologs	0.0040405789038	1	1	1	1	1	0.0333757012944	1	1	1	1	0.017023041635	1	1	0.0314061873854	1	1	1	1	1	1	1	1	1	1	0.0255033000427	1	0.0198087261016	1	1	1	1	1	1	0.0289816461534	1	1	1	1	0.0551237174691	1	1	1	0.0276005697309	1	1	1	0.0984780015886	1	0.0439137258432	1	1	1	1	1	1	1	0.00163948412325	1	1	1	1	1	1	1	1	1	0.0283221109924	1	0.0893883028758	0.00299909137456	0.0279532304889	0.0788316171429	1	1	1	1	1	1	1	1	1	1	1	1	0.0751615128874	0.0203978537984	0.00113470740148	1	0.0759971829913	1	1	1	0.0105855202535	1	1	1	0.0604244814531	1	1	1	0.000173807471192	1	1	1	1	1	1	1	1	1	1	0.00296722602537	1	1	1	1
Dopamine_metabolism	1	1	1	1	1	1	1	1	1	1	1	1	1	1	1	1	1	1	1	1	1	1	1	1	1	1	1	1	1	1	1	1	1	1	1	1	1	1	1	1	1	1	1	1	1	1	1	1	1	1	1	1	1	1	1	1	1	1	1	1	1	1	1	1	1	1	1	1	1	1	1	1	1	1	1	1	1	1	1	1	1	1	1	1	1	1	1	1	0.0579292491559	1	1	1	1	1	1	1	1	1	1	1	0.0133827359964	1	1	1	1	1	1	1	1	1	1	1	1	1	1	1	1
EBV_LMP1_signaling	1	1	1	1	1	1	1	1	1	0.0769010390822	1	1	1	1	1	1	1	1	1	1	1	0.0322633167529	1	1	1	1	1	0.00160246190327	1	1	1	1	1	1	1	1	1	1	1	1	1	1	1	1	1	1	1	1	1	1	0.0138991082123	1	1	1	1	1	1	0.0559276443098	1	1	1	1	1	1	1	1	1	0.00240164758027	1	0.000146182023024	1	0.0425987654037	1	1	1	0.0318579494055	1	2.14983759548e-05	0.0950430103024	0.00376070536336	1	1	1	1	1	0.0442992394067	0.0964874300598	1	0.00277154256478	1	0.0190340869601	1	1	1	1	1	1	1	1	1	1	1	1	1	1	1	1	1	1	0.00632435118512	1	1	0.0362612621017	1	1	1	1
EGF/EGFR_Signaling_Pathway	1	1	1	1	1	1	1	1	1	1	1	1	1	1	1	1	1	1	1	1	1	1	1	1	1	1	1	1	1	1	1	1	1	1	1	1	1	1	1	1	1	1	1	1	1	1	1	1	1	1	1	1	1	1	1	1	1	1	1	1	1	1	1	1	1	1	1	1	1	1	1	1	1	1	1	1	1	1	1	1	1	1	1	1	1	1	1	1	1	1	1	1	1	1	1	1	1	1	1	0.0518984738088	1	1	1	1	1	1	1	1	1	1	1	1	1	1	1	1	1
Eicosanoid_Synthesis	1	1	1	1	0.00414480241058	1	1	0.00168247052838	1	1	1	1	1	1	1	1	1	1	1	1	1	0.00204689080468	1	1	1	1	1	1	1	0.01405503369	1	1	1	1	1	1	1	1	1	1	1	1	1	0.0966606467832	1	0.053135475692	1	1	1	1	1	1	1	1	1	1	1	1	1	1.39126099052e-06	1	1	1	1	1	1	1	1	1	1	1	0.036014307059	0.0762484435302	1	1	0.00337222607323	0.0509918696144	1	0.0112735945031	1	1	1	1	1	0.0280404417803	0.00538102800567	1	1	1	1	1	1	1	0.0586347506076	0.00843116389296	1	1	1	1	1	1	1	1	1	1	1	1	1	0.00283032870695	1	1	1	1	1	0.000127402554845	1	1
Electron_Transport_Chain	1	1	1	0.0103105104249	0.0979383918449	1	0.00527411892316	0.00186250753671	1	1	1	1	1	1	1	1	1	1	1	1	1	1	1	1	0.0300827150262	1	1	1	1	1	1	1	1	1	1	0.0254483379262	1	1	1	1	1	1	1	1	1	0.0521115285526	1	1	1	0.0495112790867	1	1	1	1	1	1	1	1	1	1	1	1	1	1	0.000116517695491	1	1	1	1	1	1	1	0.0381342040103	1	1	1	1	1	1	1	1	1	1	1	1	1	1	1	1	1	1	1	1	1	0.0397510918598	1	1	1	1	1	0.000371716592944	1	1	1	1	1	1	1	1	1	1	1	1	1	1	1	1
Endochondral_Ossification	1	1	1	1	1	1	1	1	1	1	1	1	1	1	0.0572036391843	1	1	1	1	1	1	1	1	1	1	1	1	1	1	1	1	1	1	1	1	1	1	1	1	1	1	1	1	1	1	1	1	1	1	0.0788780278476	1	1	1	1	0.0865951155554	1	1	1	1	1	1	1	1	1	1	1	1	1	1	1	1	1	1	1	1	1	1	1	1	1	1	1	1	1	1	1	1	1	1	0.025173122848	1	1	1	1	1	1	1	1	1	1	1	1	1	1	1	1	1	1	1	1	1	1	1	1	1	1	1
Endothelin_Pathways	0.0238391024736	1	1	1	1	1	1	1	1	1	1	1	1	1	1	1	1	1	1	1	1	0.00821676905579	1	1	1	1	1	0.0410260882081	1	1	1	1	1	1	1	1	1	1	1	1	1	1	1	1	1	1	1	1	1	1	1	1	1	1	1	1	1	1	1	1	1	1	1	1	1	1	1	1	1	1	1	1	1	1	1	1	1	1	1	1	1	1	1	1	1	1	1	1	1	1	1	1	1	1	1	1	1	1	1	1	1	1	1	1	1	1	1	1	1	1	1	1	1	1	1	1	1
ErbB_Signaling_Pathway	1	1	1	1	1	0.0414191048027	1	1	1	1	1	1	1	1	1	1	0.00256708720702	1	1	1	1	1	1	1	1	0.0476939695736	1	1	1	1	1	1	1	1	1	1	1	1	1	1	1	1	1	1	1	1	1	0.0263778680485	1	1	1	1	1	1	1	1	1	1	1	1	1	1	1	1	1	1	0.00300139833456	1	1	1	1	1	1	1	1	1	1	1	1	1	1	1	1	1	1	1	1	1	1	1	1	1	1	1	1	1	1	0.01243454769	1	1	1	1	1	1	1	1	1	1	1	1	1	1	1	1	1	1	1
Estrogen_metabolism	1	1	1	1	1	1	1	0.0178537654632	1	1	1	1	1	1	1	1	1	1	1	1	1	1	1	1	1	1	1	1	1	1	1	1	1	1	1	1	1	1	1	1	1	1	1	1	1	1	1	1	1	1	1	1	1	1	0.00819285098367	1	1	1	1	1	1	1	1	1	1	1	1	0.00983433952173	1	1	1	1	1	1	1	1	1	1	1	1	1	1	1	1	1	1	1	1	1	1	1	1	1	1	1	1	1	1	1	1	1	1	1	0.00515786129857	1	1	1	1	1	1	1	1	1	1	1	1	1
Estrogen_signaling_pathway	1	1	1	1	1	1	1	1	1	1	1	1	1	1	1	1	1	1	1	1	1	1	1	1	1	1	1	1	1	1	1	1	1	1	1	1	1	1	1	1	1	1	1	1	1	1	1	1	1	1	1	1	1	1	1	1	1	1	1	1	1	1	1	1	1	1	1	1	1	1	1	0.0460471326513	1	1	1	1	1	1	1	1	1	1	1	1	1	1	1	1	1	1	1	1	1	1	1	1	1	1	1	1	1	1	1	1	1	1	1	1	1	1	1	1	1	1	1	1	1
FAS_pathway_and_Stress_induction_of_HSP_regulation	1	1	1	1	1	0.0161048654152	1	1	1	1	1	1	1	1	1	1	1	1	0.0527498169462	1	1	1	1	1	1	1	1	1	0.0674753200196	1	1	0.0674753200196	1	1	1	1	1	1	1	1	1	1	1	1	1	1	1	0.0741607496222	1	0.0324524136485	1	1	1	1	1	1	1	1	1	1	1	1	1	1	1	1	1	1	1	1	1	1	1	1	1	1	1	1	1	1	1	1	1	1	1	1	1	1	1	1	1	1	1	1	1	1	1	1	1	1	1	1	1	1	1	0.00231349955648	1	1	1	1	1	1	1	1	1	1	1
Fatty_Acid_Beta_Oxidation	1	1	1	1	1	1	1	1	1	0.0277382545354	1	1	1	1	1	1	1	1	1	1	1	1	1	1	1	1	1	1	1	1	1	1	1	1	0.0831269715818	1	1	1	1	1	1	1	1	1	1	1	1	1	1	1	1	1	1	1	1	1	1	1	1	1	1	1	1	1	1	1	1	1	1	1	1	1	1	1	1	1	1	1	1	1	1	1	1	1	0.064070291018	1	0.0388792277004	1	0.0550477324224	1	1	1	1	1	1	1	1	0.0330866828558	1	1	1	1	1	1	1	1	1	1	1	1	1	1	1	1	1	1	1
Fatty_Acid_Biosynthesis	1	1	1	1	1	1	1	1	1	0.0711182469525	1	1	1	1	1	1	1	1	1	1	1	1	1	1	1	1	1	0.0880415918443	1	1	1	1	1	1	1	1	1	1	1	1	1	1	1	1	1	1	1	1	1	1	1	1	1	1	1	1	1	1	1	1	1	1	1	1	1	1	1	1	1	1	1	1	1	1	0.0893909329927	1	0.0554695597123	1	1	1	1	1	1	1	1	1	0.0893909329927	1	1	1	1	1	1	1	1	1	1	1	1	1	1	1	1	1	1	1	1	1	1	1	1	1	1	1	1	1	1
Fatty_Acid_Omega_Oxidation	1	1	1	1	1	1	1	1	1	1	1	1	1	1	1	1	1	1	1	1	1	1	1	1	1	1	1	1	1	1	1	1	1	1	1	1	1	1	1	1	1	1	1	1	1	1	1	1	1	1	1	1	1	1	1	1	1	1	1	1	1	1	1	1	1	1	1	1	1	1	0.0893978701476	1	1	1	1	1	1	1	1	1	1	1	1	1	1	1	1	1	1	1	1	1	1	1	1	1	1	1	1	1	1	1	1	0.00407606214112	1	1	1	1	1	1	1	1	1	1	1	1	1
Fluoropyrimidine_Activity	1	1	1	1	1	1	1	1	1	1	1	1	1	1	1	1	1	1	1	1	1	1	1	1	1	1	1	1	1	1	1	1	1	1	1	1	1	1	1	1	1	1	1	1	1	1	1	1	1	1	1	1	1	1	1	1	1	1	1	1	1	1	1	1	1	1	1	1	1	1	1	1	1	1	1	0.0626060677063	1	1	1	1	1	1	1	1	1	1	1	1	0.0433446659423	1	1	1	1	1	1	1	1	1	1	1	1	1	1	1	1	1	1	1	1	1	1	1	1	1	1	1	1
Focal_Adhesion	1	1	1	1	1	1	1	1	1	1	1	1	1	1	1	1	1	1	1	1	1	1	1	0.0267993736826	1	1	1	1	1	1	1	0.0587409130706	0.0365518745574	1	1	1	1	1	1	1	1	1	1	1	1	1	1	1	1	1	1	1	1	1	1	1	1	1	1	1	1	1	1	1	1	1	1	1	1	1	1	1	1	1	1	1	1	1	1	1	1	1	1	1	1	1	1	1	1	1	1	1	1	1	1	1	1	1	1	1	1	1	1	1	1	1	0.0664935810655	1	1	1	1	1	1	1	1	1	1
Folate_Metabolism	1	1	1	1	1	1	1	1	1	0.0323350476544	1	1	1	1	1	1	1	1	1	1	1	0.0690741658964	1	1	1	1	1	0.0441516084184	1	1	1	1	1	1	0.0919695213853	1	1	1	1	1	1	1	1	1	1	1	1	1	1	1	1	1	1	1	1	1	1	1	1	1	1	1	1	1	1	1	1	0.0112385214002	1	0.00817668693296	1	0.0898036886666	1	1	0.0451394856276	0.0905085438611	1	0.0279287880906	1	1	1	1	1	1	1	1	1	0.0624305159213	0.0128465039408	1	1	1	1	0.0275330231825	1	1	1	1	1	1	1	1	1	1	1	1	1	1	1	1	1	1	0.0771539883707	1	1	1	1
G1_to_S_cell_cycle_control	1	1	1	1	1	0.0667212445381	1	1	1	1	1	1	1	1	1	1	0.00376645304904	1	1	1	1	1	1	1	1	1	1	1	1	1	1	1	1	1	1	1	0.0674863297236	1	1	1	1	1	1	1	1	1	1	1	1	1	1	0.0303651314034	1	1	1	1	1	1	1	1	1	1	1	1	1	1	0.0492733476698	1	1	1	1	1	1	1	1	1	1	1	1	1	1	1	1	1	1	1	1	1	1	1	1	1	0.0198675714197	1	1	1	1	1	1	0.00951902756218	1	1	1	1	1	1	1	1	1	1	1	1	1	1	1	1	1
GPCRs,_Class_A_Rhodopsin-like	1	1	1	1	1	1	1	1	1	1	1	1	1	1	1	1	1	1	1	1	1	1	1	1	1	1	1	1	1	1	1	1	1	1	1	1	1	1	1	1	1	1	1	1	1	1	1	1	1	1	1	1	1	1	1	1	1	1	1	1	1	1	1	1	1	1	1	1	0.0226499749645	1	1	1	1	1	1	1	1	1	1	1	1	1	1	1	1	1	1	1	1	1	1	1	1	1	1	1	1	1	1	1	1	1	1	1	1	1	1	1	1	1	1	1	1	1	1	1	1
Gastric_cancer_network_2	1	1	0.0122589962646	1	1	1	1	1	1	1	1	1	1	1	1	1	1	1	1	1	1	1	1	1	1	0.05343957096	1	0.0441516084184	1	1	1	1	1	1	1	1	1	1	1	1	1	1	1	1	1	1	1	1	1	1	1	1	1	1	1	1	1	1	1	1	1	1	1	1	1	1	1	0.0578501156409	1	1	1	1	1	1	0.0451394856276	1	1	1	1	1	1	1	1	1	1	1	1	0.0624305159213	1	1	1	1	1	1	1	1	1	1	1	1	1	1	1	1	1	1	1	1	1	1	1	1	1	1	1	1	1
Glial_Cell_Differentiation	1	1	1	1	1	1	1	1	1	1	1	1	1	1	1	1	1	1	1	1	1	1	1	1	1	1	1	1	1	1	1	1	1	1	1	1	1	1	1	1	1	1	1	1	1	1	1	1	1	1	1	1	1	1	1	1	1	0.0351636578396	1	1	1	1	1	1	1	1	1	1	1	1	1	1	1	1	1	1	1	1	1	1	1	1	1	1	1	1	1	0.0171630321436	1	1	1	1	1	1	1	1	1	1	1	1	1	1	1	1	1	1	1	1	1	1	1	1	1	1	1	1	1
Glutathione_metabolism	1	1	1	1	1	1	1	1	1	1	1	1	1	1	1	1	1	1	1	1	1	1	1	1	1	1	1	1	1	1	1	1	1	1	1	1	1	1	1	1	1	1	1	1	1	1	1	1	1	1	1	1	1	1	1	1	1	0.049997288548	1	1	1	1	1	1	1	1	1	1	1	1	1	1	0.0827097371334	1	1	1	0.0554695597123	1	1	1	1	1	1	1	1	1	1	1	1	1	1	1	1	1	1	1	1	1	1	1	1	1	1	1	1	1	1	1	1	1	1	1	1	1	1	1	1
Glycolysis_and_Gluconeogenesis	1	1	1	1	0.0222757667917	1	1	1	1	1	1	1	1	1	1	1	1	1	1	1	1	1	1	1	1	1	1	1	1	1	1	1	1	1	1	1	1	1	1	1	1	0.0260769561577	1	1	1	1	1	1	1	1	1	1	1	1	1	1	1	1	1	1	1	0.0536190545724	1	1	1	1	1	1	1	1	1	1	0.0231909944357	1	0.0268573591156	0.0657463286641	1	1	1	1	1	1	1	1	1	1	1	1	1	1	1	1	1	1	1	1	1	1	1	1	0.00282974168331	1	1	1	1	1	1	1	1	1	1	1	1	1	1	1	1
Hair_Follicle_Development	1	1	1	1	1	1	1	1	1	1	1	1	1	1	1	1	1	1	1	1	1	1	1	1	1	1	1	0.0772939630616	1	1	1	1	1	1	1	1	1	1	1	1	1	1	1	1	1	1	1	1	1	1	1	1	1	1	1	1	1	1	1	1	0.0205136993457	1	1	1	1	1	1	1	1	1	1	1	1	1	1	1	1	1	1	1	1	1	1	1	1	1	1	1	1	1	1	1	1	1	1	1	1	1	1	1	1	1	1	1	1	1	1	1	1	1	1	1	1	1	1	1	1
Hypertrophy_Model	1	1	1	1	1	1	1	1	1	0.0600157608607	1	1	1	1	1	1	1	1	1	1	1	0.0248090870166	1	1	1	0.0852117694588	1	0.0745450180146	1	1	1	1	1	1	1	1	1	1	1	1	1	1	1	1	1	1	1	0.0218469032157	1	1	1	1	1	1	1	1	1	1	1	1	1	1	1	1	1	1	0.00479585431599	1	1	1	1	1	1	1	0.0757068170395	1	1	1	1	1	1	1	1	1	0.0255742172568	1	1	1	0.0963247442487	1	1	1	1	1	1	1	1	0.0127866853982	1	1	1	1	1	1	1	1	1	1	1	1	1	1	1	1	1	1	1
IL-1_signaling_pathway	1	1	1	1	1	1	1	1	1	0.0224976924174	1	1	1	1	1	1	1	1	1	1	1	0.0286183510784	1	1	1	1	1	0.0334630385472	1	1	1	1	1	1	1	1	1	1	1	1	1	1	1	1	1	1	1	1	1	1	0.00859974758805	1	1	1	1	1	1	1	0.0421443156994	1	1	1	1	1	1	1	1	1	1	0.0353847629139	1	0.00726858606109	1	1	1	1	1	1	1	1	1	1	1	1	1	1	1	1	1	1	0.0135368434853	1	1	0.0810121628023	1	1	1	1	1	1	1	1	1	1	1	1	1	1	1	1	1	1	1	1	1	1	1
IL-2_Signaling_Pathway	1	1	1	1	1	1	1	1	1	1	1	1	1	1	1	1	1	1	1	1	1	1	1	1	1	0.0876867621676	1	1	1	1	1	1	1	1	0.0243011444542	1	1	1	1	1	1	1	1	0.0927749552927	1	1	1	0.0877970471216	1	1	1	1	1	1	1	1	1	1	1	1	1	1	1	1	1	1	1	1	1	0.0763072220395	1	1	1	1	0.0747396141954	0.0414314644872	1	1	1	1	1	1	1	1	1	1	1	1	1	0.0675490165401	1	1	1	1	1	1	1	1	1	1	1	1	1	1	1	1	1	1	1	1	1	1	1	1	1	1	1
IL-3_Signaling_Pathway	1	1	1	1	1	1	1	1	1	0.0746036711365	1	0.0894274154659	1	1	1	1	1	1	1	1	1	1	1	1	1	1	1	0.09927908297	1	1	1	1	1	1	0.034106459876	1	1	1	1	1	1	1	1	1	1	1	0.00918766156221	1	1	1	1	1	1	1	1	1	1	1	1	1	1	1	1	1	1	1	1	0.0347150311315	1	1	1	0.0329104490954	1	1	0.00494718445835	1	1	1	1	1	1	1	1	1	1	1	1	1	1	1	1	1	1	1	1	1	1	0.0675490165395	1	1	1	1	1	1	1	0.0443836002386	1	1	1	1	1	1	0.0262101844088	1	1	1	1
IL-4_Signaling_Pathway	1	1	1	1	1	1	1	1	1	0.0896650396768	1	1	1	1	1	1	1	1	1	1	1	1	1	1	1	1	1	0.0315193174616	1	1	1	1	1	1	1	1	1	1	1	1	1	0.0290642265537	1	1	1	1	1	1	1	1	0.0652947432609	1	1	1	1	1	1	1	1	1	1	1	1	1	1	1	1	1	1	0.0333395707327	1	1	1	1	1	0.0780179451709	1	0.0594824486151	1	1	1	1	1	1	1	1	1	1	1	1	1	1	1	1	1	1	1	1	1	1	1	1	1	1	1	1	1	1	1	0.031272646494	1	1	1	1	1	1	1
IL-5_Signaling_Pathway	1	1	1	1	1	1	1	1	1	1	1	1	1	1	1	1	1	1	1	1	1	1	1	1	1	1	1	1	1	0.0491907542786	1	1	1	1	1	1	1	1	1	1	1	1	1	1	1	1	1	1	1	1	1	1	1	1	1	1	1	1	1	1	1	1	1	1	1	1	1	1	1	1	1	1	1	1	1	1	1	1	1	1	1	1	1	1	1	1	1	1	1	1	1	1	1	1	1	1	1	1	1	1	1	1	1	1	1	1	1	1	1	1	1	1	1	1	1	1	1
IL-6_signaling_pathway	1	1	1	1	1	1	0.0307428822241	1	1	0.0112392371294	1	0.0693823390364	1	1	1	1	1	1	0.0653678516877	1	1	1	1	1	1	1	1	0.0772939630616	1	1	1	1	1	1	1	1	1	1	1	0.00906087560096	1	1	1	0.0238537957085	1	0.0430612523788	1	0.0913165256345	1	1	1	1	1	1	1	1	1	1	1	1	1	1	1	1	1	1	1	0.0996212387285	1	0.0180914129158	1	1	1	1	0.0789228232174	0.0445276628819	1	0.0425782895428	0.0170563773383	1	1	1	1	1	1	0.0659085288456	1	0.0271110845245	1	0.00918766156439	1	1	1	1	1	1	1	1	1	1	1	1	1	1	1	1	1	0.0307428822241	1	1	1	1	1	1	1	1	1
IL-7_Signaling_Pathway	0.0143079933488	1	1	1	1	1	1	1	1	0.0950777881361	1	1	1	1	1	1	1	1	1	1	1	1	1	1	1	1	1	1	1	1	1	0.00270449703588	1	1	1	1	1	1	1	0.0854560528318	1	1	0.0505823645679	0.0265001340814	1	1	1	0.0357583583096	1	1	1	1	1	1	1	1	1	0.075593429515	1	1	1	1	1	1	1	1	1	1	1	1	1	1	1	1	1	1	1	1	1	1	1	1	1	1	1	1	1	0.0293517550476	0.0299411222528	0.00204426410044	1	1	1	1	1	1	1	1	1	1	1	1	1	1	1	1	1	1	1	1	1	1	1	1	1	1	1
IL1_and_megakaryotyces_in_obesity	0.0132660441479	1	0.00636686339319	1	1	0.0458833746646	1	1	1	1.62815328997e-08	1	1	1	1	1	1	1	1	1	1	1	1.08002465766e-05	1	1	1	1	1	1.77716663607e-09	0.000137272923876	1	1	1	1	1	0.00545878946884	1	1	1	1	0.0798324904131	1	1	1	1	1	1	0.00133113442563	0.0332505688838	1	1	3.75816142959e-05	1	1	0.00204464743442	1	1	1	0.00223294692249	0.00984990973538	1	1	0.0147575307022	1	1	1	0.00443771181866	1	0.0243768869245	1	0.0191347703902	9.81539114445e-05	1.02911467392e-06	1	1	9.44318943041e-07	1	1.4341866672e-07	0.0147575307022	0.0182576481905	1	1	1	1	1	0.0387959675161	1	1	0.00369691477481	0.000410629755445	9.35540315022e-05	0.00151554366227	1	1	8.46007730282e-05	1	0.00359578284585	1	1	1	1	1	1	1	1	0.00108421126759	1	1	1	1	0.000277555403942	1	1	1	1	1	1	1
Inflammatory_Response_Pathway	1	1	1	1	1	1	1	1	1	0.0215495259717	1	1	1	1	1	1	1	1	1	1	1	1	1	1	1	0.0361853123624	1	0.0297031549835	1	1	1	1	1	1	1	1	1	1	1	1	1	1	1	0.0384970367665	1	0.0993923790259	1	1	1	1	0.0230821973655	1	1	1	1	1	1	1	1	1	1	1	1	1	1	1	1	0.00648275207288	1	1	0.0677002726834	1	1	1	1	1	0.0956021438196	1	1	1	1	1	1	1	0.0540571493123	1	1	0.0425160863896	1	0.0352867769423	1	1	1	1	1	1	1	1	1	1	1	1	1	1	1	1	1	1	1	1	1	1	0.0588007852542	1	1	1	1
Integrated_Breast_Cancer_Pathway	1	1	1	1	1	1	1	1	1	1	1	1	1	1	1	1	1	0.0132545310295	1	1	1	1	1	1	1	1	1	1	1	1	1	1	1	1	1	1	1	1	1	1	1	1	1	1	1	1	1	1	1	1	1	0.00194290156126	1	1	1	1	1	1	1	0.0288861554121	0.0399451591939	1	1	1	1	1	1	1	1	1	1	0.0615969487417	1	1	1	1	1	0.0804939321491	1	1	1	1	1	1	1	1	1	1	1	1	1	1	1	1	1	1	1	0.0170788265706	1	1	1	1	1	1	1	1	0.00821081999615	1	1	1	1	1	1	1	1	1	1
Integrated_Pancreatic_Cancer_Pathway	1	1	1	1	1	0.0350763770392	1	1	1	1	1	1	1	1	1	1	1	1	1	1	0.0674892347529	0.0680026190792	1	1	1	1	1	1	1	1	1	1	1	1	1	1	0.0995829592203	1	1	1	1	1	1	1	1	1	0.0728605719833	0.0536045043006	1	1	1	1	1	1	1	1	1	1	1	1	0.0594827896064	1	1	1	1	1	0.0655205416808	1	1	1	1	1	1	1	1	1	1	1	1	1	1	1	1	1	1	1	1	1	1	1	1	1	0.0183314572819	1	1	1	1	0.0183928262657	1	1	1	0.0241556205539	0.0395042828203	1	1	1	1	1	1	1	1	1	1	1	1	1	1
Interferon_type_I	1	1	0.0288419047002	1	1	1	1	1	1	1	1	1	1	1	1	1	1	1	1	1	1	1	1	1	1	1	1	1	1	1	0.0489876358785	1	1	1	0.00814384389279	1	1	1	1	0.0194649012063	1	1	1	0.048621855741	1	0.0161934919458	1	1	1	1	1	1	1	1	1	1	1	1	1	1	1	1	1	1	1	1	1	1	1	1	1	1	1	1	1	1	1	1	1	1	1	1	1	1	1	1	1	0.0548013784121	1	1	1	1	1	1	1	1	1	1	1	1	1	1	1	1	1	1	1	1	1	1	1	1	1	1	1	1	1
Interferon_type_I_signaling_pathways	1	1	0.0278750829078	1	1	1	1	1	1	1	1	1	1	1	1	1	1	1	1	1	1	1	1	1	1	1	1	1	1	1	0.047394891203	1	1	1	0.00763448545675	1	1	1	1	0.0183072724669	1	1	1	0.0459469726998	1	0.0152186340181	1	1	1	1	1	1	1	1	1	1	1	1	1	1	1	1	1	1	1	1	1	1	1	1	1	1	1	1	1	1	1	1	1	1	1	1	1	1	1	1	1	0.0518254260777	1	1	1	1	1	1	1	1	1	1	1	1	1	1	1	1	1	1	1	1	1	1	1	1	1	1	1	1	1
Interleukin-11_Signaling_Pathway	1	1	1	1	1	1	1	1	1	1	1	1	1	1	1	1	1	1	1	1	1	1	1	1	1	1	1	1	1	1	1	1	1	1	1	1	1	1	1	0.0493913765674	1	1	1	0.0978179669684	1	1	1	0.0913165256345	1	1	1	1	1	1	1	1	1	1	1	1	0.0205136993457	1	1	1	1	1	1	1	1	0.0805669153853	1	1	1	1	1	1	1	1	0.0772939630616	1	1	1	1	1	1	1	1	1	1	1	1	1	1	1	1	1	1	1	1	1	1	1	1	1	1	1	1	0.0307428822241	1	1	1	1	1	1	1	1	1
Iron_metabolism_in_placenta	1	1	1	1	1	1	1	1	1	1	1	0.0311580526807	1	1	1	1	1	1	0.00021740447779	1	1	1	1	1	1	1	1	1	1	1	1	1	1	1	1	1	1	1	1	1	1	1	1	1	1	1	1	1	1	1	1	1	1	1	1	1	1	1	1	1	1	1	1	1	1	1	1	1	1	1	0.0617758042398	1	1	1	1	0.0582965198641	1	1	1	1	1	1	1	1	1	1	1	0.0439055007192	0.0445255202382	1	1	1	0.000754782798734	1	1	1	1	1	1	1	1	1	1	0.0026796634193	1	1	1	1	1	1	1	1	1	1	1	1	1
Kit_receptor_signaling_pathway	1	1	1	1	1	1	1	1	1	1	1	1	1	1	1	1	1	1	1	1	1	1	1	1	1	1	1	1	1	1	1	1	1	1	1	1	1	1	1	1	1	1	1	1	1	1	0.0996124283843	1	1	1	1	1	1	1	1	1	1	1	1	1	1	1	1	1	1	1	1	1	1	1	1	1	1	1	1	1	1	1	1	1	1	1	1	1	1	1	1	1	1	1	1	1	1	1	1	1	1	1	1	1	1	1	1	1	1	1	1	1	1	1	1	1	1	1	1	1	1
Leptin_signaling_pathway	1	1	1	1	1	1	1	1	1	0.00882934264739	1	1	1	1	1	1	1	1	1	1	1	1	1	1	1	1	1	1	1	1	1	1	1	1	0.0661650764519	1	1	1	1	1	1	1	1	1	1	0.0267448769564	1	0.0371727805052	1	1	1	1	1	1	1	1	1	1	1	1	0.0411073667672	1	1	1	1	1	0.0441674042919	1	1	0.0597699005817	1	1	1	1	1	1	1	1	1	1	1	1	1	1	1	1	1	1	0.0874938959692	0.025173122848	1	1	1	1	1	1	1	1	1	1	1	1	1	1	0.00698437251919	1	1	1	1	1	1	1	1	1	1	1	1
Liver_X_Receptor_Pathway	1	1	1	1	1	1	1	1	1	1	1	0.0187520352759	1	1	1	1	1	1	1	1	1	1	1	1	1	1	1	1	1	1	1	1	1	1	1	1	1	1	1	1	1	1	1	1	1	1	1	1	1	1	1	1	1	1	1	1	1	0.053746342166	1	1	1	1	1	1	1	1	1	1	1	1	1	1	1	1	1	1	0.0123641947121	1	1	1	1	1	1	1	1	1	1	1	1	1	1	1	1	1	1	1	1	1	1	1	1	1	1	1	1	1	1	1	1	1	1	1	1	1	1	1	1
MAPK_Signaling_Pathway	1	1	1	1	1	0.0288695366818	1	1	1	1	1	1	1	0.0161889991057	0.0829480492413	1	1	1	1	1	1	1	0.00980093268185	0.0191964580005	1	1	1	0.0386077069438	1	1	1	1	1	1	1	1	1	1	1	1	1	1	1	1	1	1	1	1	1	1	1	1	1	1	1	1	1	1	1	1	1	1	1	1	1	1	1	1	1	1	0.0886948007742	0.0347408924558	1	1	1	1	1	1	1	1	1	1	1	1	1	1	1	1	1	0.0872679672106	1	1	1	1	1	1	1	1	1	1	1	1	0.0362990172964	1	1	0.0282853561719	1	1	1	0.05862658998	1	1	1	1	1	1	1
Matrix_Metalloproteinases	1	1	1	1	1	0.00856560740193	1	1	1	1	1	1	1	1	1	1	1	1	1	1	1	1	1	1	1	1	1	1	0.00449857664895	1	1	1	1	1	0.0745694403668	1	1	0.0516892700014	1	1	1	1	1	1	1	1	1	1	1	0.0211189699417	1	1	0.00166963785568	1	1	1	1	1	1	1	1	0.0222392112926	1	1	1	1	1	1	1	1	0.0156125470131	0.0727764634765	1	1	0.033098060165	0.0139898808252	1	1	1	1	1	1	1	1	1	1	1	1	1	0.000222714377214	1	1	1	1	1	1	1	1	1	1	1	1	1	1	1	1	1	1	1	1	1	1	1	1	1	1	1
Metapathway_biotransformation	1	0.0376340818041	1	1	1	1	1	1	1	1	1	1	0.000891124606479	1	0.0910927802081	1	1	1	1	1	1	1	1	1	1	1	1	1	1	1	1	1	1	1	1	1	1	1	0.0991664133562	1	1	1	1	1	1	1	1	1	1	1	1	1	1	1	1	1	1	1	1	1	1	1	1	1	1	1	1	1	1	1	1	1	1	1	1	1	1	0.00967942606178	1	1	1	1	1	0.0167688197289	1	1	1	1	1	1	1	1	1	1	1	1	0.0668208981789	1	1	1	1	1	1	0.00387391425793	1	1	1	1	1	1	0.0119378319156	1	1	1	1	1	1
Mitochondrial_LC-Fatty_Acid_Beta-Oxidation	1	1	1	1	1	1	1	1	1	0.049588709078	1	1	1	1	1	1	1	1	1	1	1	1	1	1	1	1	1	0.0618008051573	1	1	1	1	1	1	1	1	1	1	1	1	1	1	1	0.0739028008417	1	1	1	1	1	1	1	1	1	1	1	1	1	1	1	1	1	1	1	1	1	1	1	1	1	1	1	1	1	1	0.0627801333983	1	1	1	1	1	1	1	1	1	1	1	0.0627801333983	1	0.0802260421043	1	1	1	1	1	1	1	1	1	1	1	1	1	1	1	1	1	1	1	1	1	1	1	1	1	1	1	1
Monoamine_Transport	1	1	1	1	1	1	1	1	1	1	1	1	1	1	1	1	1	1	1	1	1	0.0589433282829	1	1	1	1	1	1	1	1	1	1	1	1	1	1	1	1	1	1	1	1	1	1	1	1	1	1	1	1	1	1	1	1	1	1	1	1	1	1	1	1	1	1	1	1	1	1	1	1	1	1	1	1	1	1	1	1	1	1	1	1	1	1	1	1	1	1	1	1	1	1	1	1	1	1	1	1	1	1	1	1	1	1	1	1	1	1	1	1	1	1	1	1	1	1	1
Myometrial_Relaxation_and_Contraction_Pathways	1	1	0.0350158690549	1	1	1	1	1	1	0.0303427139383	1	1	1	1	1	1	1	1	1	1	1	0.0370697974072	1	0.013730187866	1	0.0746327554613	1	1	0.0807986311761	1	1	0.0807986311761	1	1	1	1	0.0667455727385	0.0076520406753	1	1	1	1	1	1	1	1	0.0436254593721	1	1	1	1	1	1	1	0.0272568391094	1	1	0.0119421115493	1	1	1	1	1	1	1	1	1	1	1	1	1	1	1	1	0.0556092449957	1	1	1	1	1	1	1	1	1	0.0108560467891	1	1	1	0.0436000009308	1	1	1	1	0.0629505359633	1	1	1	1	1	1	1	1	1	1	1	0.0187962052305	0.0422590323436	1	1	1	1	1	1	1	1	1	1
NAD_Biosynthesis_II_(from_tryptophan)	1	1	1	1	1	1	1	0.00351856272287	1	1	1	1	1	1	1	1	1	1	1	1	1	1	1	1	1	1	1	1	1	1	1	1	1	1	1	1	1	1	1	1	1	1	1	1	1	1	1	1	1	1	1	1	1	1	1	1	1	1	1	1	1	1	1	1	1	1	1	1	1	1	1	1	1	1	1	1	0.00786966069393	1	1	1	1	1	1	1	1	0.0295151639523	1	0.0171630321436	1	1	1	1	1	1	1	1	1	1	1	1	1	1	1	1	1	1	1	1	1	1	1	1	1	1	1	1	1
NOD_pathway	1	1	0.00110186330192	1	1	1	1	1	1	0.0015525473411	1	1	1	1	0.0277100968237	1	1	1	1	1	1	0.0156657330887	1	1	1	1	1	0.00267844535944	1	1	1	0.080004127694	1	1	1	1	1	1	1	0.00835564990225	1	1	1	0.022103646642	1	0.0406348250093	1	1	1	1	0.0449383075978	1	1	1	1	1	1	0.02321303622	0.0277100968237	1	1	1	1	1	1	1	1	0.0226919613926	1	1	1	1	1	1	0.0747396141954	0.00178707628666	1	1	1	1	1	1	1	1	1	0.0160698116778	0.00278448427733	0.0251413079809	0.00509062421441	1	0.00723272731488	1	1	1	1	1	1	1	1	1	1	1	1	1	7.11399686527e-05	1	1	1	1	0.00139834309707	1	1	0.0185614254686	1	1	1	1
NRF2_pathway	1	1	1	1	1	1	0.0584830313414	0.0807298901882	1	0.0649306240553	1	0.00345471278719	1	1	0.0539218863542	1	1	1	1	1	1	0.0302481791713	1	1	1	1	1	0.0418199844261	1	1	0.0632203707055	1	1	1	0.0555122794891	1	1	1	1	1	1	1	1	1	1	1	1	0.00557241223447	1	0.0838525475337	1	1	1	0.0581473908652	1	1	1	0.0196754434505	1.65966973662e-05	1	1	0.0208692347763	1	1	1	1	0.0375065237183	0.00300705596316	1	0.00526884987896	0.000492010386441	0.0158513733198	0.0902823506263	1	1	1	0.0001562485103	0.0208692347763	0.0148812281678	1	0.0677323885215	1	1	1	1	1	1	0.0037806305463	0.0121459810061	1	0.0423332613595	4.22576146325e-05	6.25350978856e-05	1	1	1	0.045022312171	1	1	1	0.00660184359061	0.0584830313414	1	0.0539218863542	1	0.0732082035167	1	0.0584830313414	1	1	1	1	1	1	1	1	1
Notch_Signaling_Pathway	1	1	1	1	1	0.0220114052055	1	1	1	1	1	1	1	1	1	1	1	1	1	1	1	1	0.00682509811596	1	1	0.0418118605185	1	1	1	1	1	1	1	1	1	1	1	1	1	1	1	1	1	1	1	1	1	1	1	1	1	0.0390759289695	1	1	1	1	1	1	1	1	1	1	1	1	1	1	0.0629158232819	1	1	1	0.0360806606299	1	1	1	1	1	1	1	1	1	1	1	1	1	1	1	1	1	1	1	1	1	1	0.0153460571494	0.0953023216963	1	1	1	1	1	1	1	1	0.0809015477006	1	1	1	1	1	1	1	1	1	1	1	0.0427544614671	1
Nuclear_Receptors	0.029350702329	1	1	1	1	1	1	1	1	1	1	1	1	1	1	1	1	1	1	1	1	1	1	1	1	1	1	1	1	1	1	1	1	1	1	1	1	1	1	1	1	1	1	1	1	1	1	1	1	1	1	1	1	1	1	1	1	1	1	1	1	1	1	1	1	1	1	1	1	1	1	1	1	1	1	1	1	1	1	1	1	1	1	1	1	1	1	1	1	1	1	1	1	1	1	1	1	1	1	1	1	1	1	1	1	1	1	1	1	1	1	1	1	1	1	1	1
Nuclear_Receptors_in_Lipid_Metabolism_and_Toxicity	1	1	1	1	1	1	1	1	1	1	1	1	0.0042793437984	1	1	1	1	1	1	1	1	1	1	1	1	1	1	1	1	1	1	1	1	1	1	1	1	1	1	1	1	1	0.0984150579382	1	1	1	1	0.0708694647626	1	1	1	1	1	1	1	1	1	1	1	1	1	1	1	1	1	1	1	1	1	1	1	1	1	1	1	1	1	1	1	1	1	1	1	1	1	1	1	1	1	1	1	1	1	1	1	1	1	0.0428667354328	1	1	1	1	1	1	1	1	1	1	1	1	1	1	0.0889221840075	1	1	1	1
Nucleotide_Metabolism	1	1	1	1	1	1	1	1	1	1	1	1	1	1	1	1	1	1	1	1	1	1	1	1	1	1	1	1	1	1	1	1	1	1	1	1	1	1	1	1	1	1	1	1	1	1	1	1	1	1	1	1	1	1	1	1	1	1	1	1	1	1	1	1	1	1	1	0.0900983345276	1	1	1	1	1	1	1	1	1	1	1	1	1	1	1	1	1	1	1	1	1	1	1	1	1	0.0536943999734	1	1	1	1	1	1	1	1	1	1	1	1	1	1	1	1	1	1	1	1	1	1	1
Oncostatin_M_Signaling_Pathway	1	1	1	1	1	1	1	1	1	0.0427928132112	1	1	1	1	1	1	1	1	1	1	1	1	1	1	1	1	1	0.0164751749228	1	1	1	1	1	1	1	1	1	1	1	0.0352074152881	1	1	1	0.0244732455181	1	1	1	1	1	1	0.0148652257942	1	1	1	1	1	1	1	0.0604135489773	1	1	1	1	1	1	1	1	0.0854664185726	1	0.0176651772999	1	0.0145614934696	1	1	0.0638196573193	0.05060424973	1	0.0871935992808	0.0621645631381	0.0287305847121	1	1	1	1	1	1	1	0.0933936454325	1	0.0272700494664	0.0231121453133	1	1	0.0352074152881	1	0.0235351284028	1	1	1	1	1	1	1	1	1	1	1	1	1	1	1	1	1	1	1	1	1
Osteoclast_Signaling	1	1	1	1	1	1	1	1	1	1	1	1	1	1	1	1	1	1	1	1	1	1	1	1	1	1	1	1	1	1	1	1	1	1	1	1	1	1	1	1	1	1	1	1	1	1	1	1	1	1	1	1	1	1	1	1	1	1	1	1	1	1	1	1	1	1	1	1	1	1	0.0893978701476	1	0.0467407839375	1	1	1	1	1	1	1	1	1	1	1	1	1	1	1	1	1	1	1	1	0.0355955222042	1	1	1	1	1	1	1	1	1	1	1	1	1	1	1	1	1	1	1	1	1	1	1
Osteopontin_Signaling	1	1	1	1	1	1	1	1	1	1	1	1	1	1	1	1	1	1	1	1	1	1	1	1	1	1	1	1	1	1	1	1	1	1	1	1	1	0.0476758506882	1	1	1	1	1	1	1	1	1	1	1	1	1	1	1	1	1	1	1	0.086457821908	1	1	1	1	1	1	1	1	1	1	1	1	0.0617758042398	1	0.031698897126	1	1	1	1	1	1	1	1	1	1	1	1	1	1	1	1	1	1	1	1	0.0239977979784	1	1	1	1	1	1	1	1	1	1	1	1	1	1	1	1	1	1	1	1	1	1	1
Ovarian_Infertility_Genes	1	1	1	1	1	1	1	1	1	1	1	1	1	1	1	1	1	1	1	1	1	1	1	1	1	1	1	1	1	1	1	1	1	1	0.0100222725118	1	1	1	1	1	1	1	1	1	1	1	1	1	1	1	1	1	1	1	1	1	1	1	1	1	1	0.0222392112926	1	1	1	1	1	1	1	1	1	1	1	1	0.00511140582448	1	1	1	1	1	1	1	1	1	1	1	1	1	1	1	1	1	1	1	1	1	1	1	1	1	1	1	1	1	1	1	1	1	1	1	1	1	1	1	1	1	1
Oxidation_by_Cytochrome_P450	1	1	1	1	1	1	1	1	1	1	1	1	0.000519568022383	1	1	0.0429242640395	1	1	1	1	1	1	1	1	1	1	1	1	1	1	1	1	1	1	1	1	1	1	1	1	1	1	1	1	1	1	1	1	1	1	1	1	1	1	1	1	1	1	1	1	1	1	1	1	1	1	1	1	1	1	1	1	1	1	1	1	1	0.0804939321491	1	1	1	1	1	1	1	1	1	1	1	1	1	1	1	1	1	1	1	1	1	1	1	1	1	0.00631860288002	1	1	1	1	1	1	0.00156860629626	1	1	1	1	1	1
Oxidative_Stress	0.0200233528944	1	1	1	1	1	1	0.0493253106943	1	0.0235179631312	1	0.0287752281669	1	1	1	1	1	1	0.0347244196851	1	1	0.0556925534813	1	1	1	1	1	0.00495211952296	1	1	1	0.0447405735646	1	1	0.0100222725118	1	1	1	1	0.0199554796922	1	1	0.0692346643634	1	1	1	1	1	1	0.0211189699417	0.0245522426579	1	1	1	1	1	1	0.00592749740797	1	1	1	0.0222392112926	1	1	1	1	1	0.0427112015219	1	0.000636795386686	0.0156125470131	0.00964540948276	0.00434855849735	1	0.000611567895431	0.000292199704416	0.00017100048158	0.0222392112926	0.000587101317289	1	1	1	1	0.0130720143732	0.0573279576522	0.00396856285766	1	0.0461983400095	0.00115670689353	0.0374849585748	0.00284823563308	1	1	0.000247400930884	1	1	1	1	1	1	0.00577226965241	1	1	0.000815421364493	1	1	1	0.0158938677355	1	1	1	1	0.00756105293638	0.0447405735646	1	1	1
Oxidative_phosphorylation	1	1	1	0.00252391809169	0.0404421096369	1	0.000832338366827	0.00110643642519	1	1	1	1	1	1	1	1	1	1	1	1	1	1	1	1	0.0116439354406	1	1	1	1	1	1	1	1	1	1	1	1	1	1	1	1	1	0.0715312254306	0.0947418381183	1	0.0340431603636	1	1	1	0.0134778992729	1	1	1	1	1	1	1	1	1	1	1	1	1	1	1.74115309726e-07	1	1	1	1	1	1	1	0.0170323491592	1	0.0727292774894	1	1	1	1	1	1	1	1	1	1	1	0.0727292774894	1	1	1	1	1	1	0.0404843135867	0.07723891794	1	1	1	1	1	1.48125099295e-05	1	1	1	1	0.081346211281	1	1	1	1	1	1	1	1	1	1	1
PPAR_Alpha_Pathway	0.0143079933488	1	1	1	1	1	1	1	1	1	1	0.00217168924331	1	1	1	1	1	1	1	1	1	1	1	1	1	1	1	1	0.0323714214742	1	1	1	1	1	1	1	1	0.0329829683841	1	1	1	1	1	1	1	1	1	0.0357583583096	1	1	1	1	1	1	1	1	1	0.075593429515	1	1	1	1	1	1	1	1	0.00804572665274	1	1	1	1	1	1	1	1	1	1	1	1	1	1	1	1	1	1	1	1	1	1	1	1	1	1	1	1	1	1	0.0211620496955	1	1	1	1	1	1	1	1	1	1	1	1	1	1	1	1	1	1	1
Parkin-Ubiquitin_Proteasomal_System_pathway	1	1	1	1	1	0.00295027033045	1	1	1	1	0.0195417006896	1	1	1	0.000860853993728	1	1	1	0.0306407281761	1	1	1	0.0508558398974	8.63005978239e-05	1	0.00177381244089	1	1	0.00763448545824	1	1	1	1	1	1	1	7.30887066853e-05	0.0134326279199	1	1	1	1	1	1	1	1	1	0.049903319061	1	0.0964903893322	1	1	0.0003332767608	1	1	1	1	0.0566773401007	0.00914697775139	1	1	1	1	1	1	1	1	1	1	0.084328552854	0.0766266298856	1	0.0201434865158	1	1	0.00612493516392	1	1	0.0801782928028	1	1	1	1	1	0.00195966150502	0.0386933149931	1	1	1	1	1	1	1	1	0.0831269715836	1	1	1	0.00285074617559	1	1	0.074569440369	1	1	1	0.012933011409	0.010628780574	1	1	1	1	1	1	1	1	1	0.000158838982219
Parkinsons_Disease_Pathway	1	1	1	1	1	0.0975493625212	1	1	1	1	1	1	1	1	1	1	0.00518229423553	1	1	1	1	1	1	1	1	1	1	1	1	1	1	0.0565644832037	1	1	1	1	1	1	1	1	1	1	1	1	1	1	1	1	1	1	1	0.0409213373215	1	1	1	1	1	1	1	1	1	1	1	1	1	1	1	1	1	1	1	1	1	1	1	1	1	1	1	1	1	1	1	1	1	1	1	1	1	1	1	1	1	1	1	1	1	1	1	1	1	1	1	1	1	1	1	1	1	1	1	1	1	1	1	1	1
Pathogenic_Escherichia_coli_infection	1	1	1	1	1	1	1	1	1	1	0.0133827359955	0.0383776235737	1	1	1	1	1	1	0.0181954608346	1	1	1	1	2.53797438621e-08	1	0.00053445031277	1	1	0.00041775720231	0.00161370103761	1	1	1	1	1	1	1.32521118346e-06	0.00102871645297	1	1	1	1	1	1	1	1	0.015240992745	1	1	1	1	1	1	1	0.0752575059184	1	1	0.0743373089116	1	1	0.0354280027303	1	1	1	1	1	0.0380900662257	1	1	1	0.0378240764924	1	1	1	1	0.00197504491914	1	1	0.0104560038779	1	0.0133827359955	1	1	1	1	0.0537214865361	1	1	1	1	1	1	1	1	1	1	1	0.0931152042916	7.77804942691e-05	1	1	0.0524735205738	1	1	1	0.00749191433484	5.7423112686e-06	1	1	1	1	1	1	1	1	1	0.00376595416116
Peptide_GPCRs	1	1	1	1	1	1	1	1	1	1	1	1	1	1	1	1	1	1	1	1	1	1	1	1	1	1	1	1	1	1	1	1	1	1	1	1	1	1	1	1	1	1	1	1	1	1	1	1	1	1	0.0208928431936	1	1	0.0418541444354	1	1	1	1	1	1	1	1	1	1	1	1	1	1	0.0433682250804	1	1	0.0929048951188	1	1	1	1	1	1	1	1	1	1	1	1	1	1	1	1	1	1	1	1	1	1	1	1	1	1	1	1	1	1	1	1	1	1	1	1	1	1	1	1	1	1	1	1	1
Phase_I,_non_P450	1	1	1	1	1	1	1	1	1	1	1	1	1	1	1	1	1	1	1	1	1	1	1	1	1	1	1	1	1	1	1	1	1	1	1	1	1	1	1	1	1	1	1	1	1	1	1	1	1	1	1	1	1	1	1	1	1	1	1	1	1	1	1	1	1	1	1	1	1	0.0135549779103	1	1	0.0122194177247	1	1	1	0.00786966069393	1	1	1	1	1	1	1	1	1	1	0.0171630321436	1	1	1	1	1	1	1	1	1	1	1	1	1	1	1	1	1	1	1	1	1	1	1	1	1	1	1	1	1
Physiological_and_Pathological_Hypertrophy__of_the_Heart	1	1	1	1	1	1	1	1	1	1	1	1	1	1	1	1	1	1	1	1	1	1	1	1	1	1	1	1	1	1	1	1	1	1	1	1	1	1	1	1	1	1	1	1	1	1	1	1	1	1	1	1	1	1	1	1	1	1	1	1	1	1	1	1	1	1	1	1	1	1	1	0.0425987654037	1	1	1	1	1	1	1	1	1	1	1	1	1	1	1	1	1	1	1	1	1	1	1	1	1	1	1	1	1	1	1	1	1	1	1	1	1	1	1	1	1	1	1	1	1
Primary_Focal_Segmental_Glomerulosclerosis_FSGS	1	1	1	1	1	1	1	1	1	1	1	1	1	1	1	1	1	1	1	1	1	0.0116717542723	1	1	1	1	1	0.0801782928028	0.0436217662896	1	1	1	1	1	1	1	0.074569440369	1	1	1	1	1	1	1	1	1	0.0258117579173	1	0.0248407661429	1	0.0187549527582	1	1	1	1	1	1	1	1	1	0.00545878946967	1	1	1	1	1	0.0545849273975	1	1	1	0.0766266298856	1	1	1	1	1	1	1	1	1	1	1	1	1	1	1	1	1	1	1	1	1	1	1	1	0.0276853984592	1	0.0243011444566	0.0337437286673	1	1	1	1	1	1	1	1	1	0.0306544304224	1	1	1	1	1	1	0.0369492511221	1
Prostaglandin_Synthesis_and_Regulation	1	1	1	0.00635700727436	1	1	1	0.0464810732564	1	0.00281023372774	1	1	1	1	1	1	1	1	0.0326795885623	1	1	1.31812766102e-06	1	1	1	1	1	0.0297031549835	1	1	1	1	1	1	0.0704051069587	1	1	1	1	0.0182691613336	1	1	1	1	1	0.0993923790259	1	1	1	1	1	1	1	0.0379726560981	1	1	1	0.0263041077027	0.0140160646612	0.00699970392045	1	0.0209021490475	1	1	1	1	1	0.00648275207288	1	0.0310846450593	0.0677002726834	0.00880172258342	1	1	1	0.0626060677063	0.0148246415038	1	1	1	1	1	1	1	1	0.0193187311052	1	1	1	1	1	1	1	1	0.0168218213427	0.00515786129935	1	1	1	1	1	1	1	1	1	1	1	1	1	1	1	1	0.0068935378112	0.0421443156995	0.00909612851543	1	1
Proteasome_Degradation	1	1	1	1	1	1	0.0524735205738	1	1	1	1	1	1	1	1	1	1	1	0.0181954608346	1	1	1	1	1	1	1	0.00376595416116	1	1	1	1	1	1	1	1	1	1	1	1	0.024543702089	1	1	0.0489263774029	1	1	1	1	1	1	1	1	1	1	1	1	1	1	1	1	1	1	1	1	1	1	1	1	1	1	1	1	1	1	1	1	0.0335425706517	1	1	0.0104560038779	1	1	1	1	1	1	1	1	1	1	1	1	1	1	1	1	1	0.00860784798738	1	1	1	0.0329928523155	1	1	1	1	1	1	1	1	1	1	1	1	0.0262473357786	1	1	1
Quercetin_and_Nf-kB/_AP-1_Induced_Cell_Apoptosis	1	1	1	1	1	1	1	1	1	0.0269709001548	1	1	1	1	1	1	1	1	1	1	1	1	1	1	1	1	1	0.0339001611618	1	1	1	1	1	1	1	1	1	1	1	1	1	1	1	1	1	1	1	1	1	1	1	1	1	1	1	1	1	0.086457821908	1	1	1	1	1	1	1	1	1	1	1	0.00290982672333	1	0.0144026784982	1	1	0.00283759982541	0.00643069321136	1	1	1	1	1	1	1	1	1	0.00922483483847	1	0.0439055007192	0.0445255202382	1	1	1	1	0.0239977979784	1	1	1	1	1	1	1	1	1	1	1	1	1	1	1	1	1	1	0.0121633059215	1	1	1	1
Quercetin_and_Nf-kB/_AP-1_induced_cell_apoptosis	1	1	1	1	1	1	1	1	1	0.0195195953363	1	1	1	1	1	1	1	1	1	1	1	1	1	1	1	1	1	0.0246192512991	1	1	1	1	1	1	1	1	1	1	1	1	1	1	1	1	1	1	1	1	1	1	1	1	1	1	1	1	1	0.0640698386587	1	1	1	1	1	1	1	1	1	1	1	0.0017364500978	1	0.0103461327618	1	1	0.00169283391723	0.00388089651227	1	1	1	1	1	1	1	1	1	0.0056027108064	1	0.0320290307471	0.0324899043527	1	1	1	1	0.0173401970708	1	1	1	1	1	1	1	1	1	1	1	1	1	1	1	1	1	1	0.00872347345679	1	1	1	1
RANKL/RANK_Signaling_Pathway	1	1	1	1	1	1	1	1	1	0.0253505872425	1	1	1	1	1	1	1	1	0.0991164671568	1	1	0.0314340509683	1	1	1	1	1	1	1	1	1	1	1	1	1	1	1	1	1	0.0881797215275	1	1	1	0.0513814027514	1	1	1	1	1	1	0.00950688581608	1	1	1	1	1	1	1	0.0450175747089	1	1	1	1	1	1	1	1	0.013165840422	1	0.00026755889442	1	0.0461338965088	1	1	0.0386147044127	0.0275147417903	1	0.0655580472813	0.037556904053	1	1	1	1	1	1	0.01265750712	0.0087318443873	0.0149314630183	0.00330273769655	1	0.0149338762157	1	1	0.0206669582155	1	1	1	1	1	1	1	1	1	1	1	1	1	1	1	1	1	1	1	0.000326773088362	1	1	1
RB_in_Cancer	1	0.0597580088078	1	1	1	1	1	1	1	1	1	1	1	1	1	1	0.00710031773664	1	1	1	1	1	1	1	1	0.0802311931824	1	1	1	1	1	1	1	1	1	1	1	1	1	1	1	1	1	1	1	1	1	0.0941413643681	1	1	1	1	1	1	1	1	1	1	1	1	1	1	1	1	1	1	0.0870374332968	1	1	1	1	1	1	1	1	1	1	1	1	1	1	1	1	1	1	1	1	1	1	1	1	1	0.0031418070177	1	1	1	1	1	1	1	1	1	1	1	1	1	1	1	1	1	1	1	1	1	1	0.0597580088078	1
Regulation_of_Actin_Cytoskeleton	1	1	1	1	1	1	1	1	1	1	1	1	1	1	1	1	1	0.0690295354001	1	1	1	1	1	0.0971320938261	1	1	1	1	1	1	1	1	0.00149235091803	1	1	1	1	1	1	1	1	1	1	1	1	1	1	1	1	1	1	1	1	1	1	1	1	1	1	1	1	1	1	1	1	1	1	1	1	1	1	1	1	1	1	1	1	1	1	1	1	1	1	1	1	1	1	1	1	1	1	1	1	1	1	1	1	1	1	1	1	1	1	1	1	1	0.0443343031211	1	1	1	1	1	1	1	1	1	1
Regulation_of_toll-like_receptor_signaling_pathway	0.0810637290665	1	1	1	1	1	1	1	1	0.00794433179115	1	0.0918408124847	1	1	1	1	1	1	1	1	1	1	1	1	1	1	1	8.76892683059e-05	1	1	1	1	1	1	1	1	1	1	1	0.0536047259054	1	0.0351026808044	1	0.0278355873507	1	0.0428317959714	1	1	1	1	1	1	1	1	1	1	1	1	1	1	0.0351026808044	1	1	1	1	1	1	0.000252367677842	1	0.00167894514941	1	3.32789316709e-05	1	1	1	1	0.0389398731172	0.0218498676047	0.0160799117606	0.0193373299389	1	0.021143072757	1	1	1	0.0281131957306	0.00544843102972	0.0126201602319	0.0355268290141	0.0134744101756	1	1	1	1	1	1	1	1	1	1	1	1	1	1	1	1	1	1	1	0.038855434231	1	1	0.0403737744068	1	1	1	1
SIDS_Susceptibility_Pathways	1	1	0.0418736163396	1	1	1	1	1	1	1	1	1	1	1	1	1	1	1	1	1	1	1	1	1	1	1	1	1	0.030484470582	1	1	1	1	1	1	1	1	1	1	1	1	1	1	1	1	1	1	1	1	1	1	1	1	1	0.0341624335205	1	1	1	1	1	0.0464770678498	1	1	1	0.00993698411744	1	1	1	1	1	1	1	1	1	1	1	1	1	1	1	1	1	1	1	1	1	1	1	1	1	1	1	1	0.0824537393682	1	1	1	1	1	1	1	1	1	1	1	0.0237190050998	1	1	1	1	1	1	1	1	1	1	1
SREBF_and_miR33_in_cholesterol_and_lipid_homeostasis	1	1	1	1	1	1	1	1	1	1	1	0.0569877739296	1	1	1	1	1	1	1	1	1	1	1	1	1	1	1	1	1	1	1	1	1	1	1	1	1	1	1	1	1	1	1	1	1	1	1	1	1	1	1	1	1	1	1	1	1	1	1	1	1	1	1	1	1	1	1	1	1	1	1	1	1	1	1	1	0.0384176188846	1	1	1	1	1	1	1	1	1	1	1	1	1	1	1	1	1	1	1	1	1	1	1	1	1	1	1	1	1	1	1	1	1	1	1	1	1	1	1	1
SREBP_signalling	1	1	1	1	0.033245237555	1	1	1	1	1	0.0147130401832	1	1	1	1	1	1	1	1	1	1	1	1	1	1	0.0648685634212	1	1	0.0298453770216	0.00194078296175	1	1	1	1	1	1	0.0573279576526	0.00138526233282	1	1	1	1	1	1	1	1	1	1	1	1	1	1	1	1	1	1	0.0128545540394	0.00899802623226	1	1	1	1	1	1	1	1	1	1	1	1	1	1	0.0460958683436	1	1	1	1	1	0.0128103342764	1	1	1	1	1	1	0.0639663391018	1	0.0781469309001	0.0798967565115	1	1	1	1	1	1	1	1	1	1	1	0.0374344642105	1	1	1	1	1	1	1	1	1	1	1	1	1	1	1	1
Selenium_Metabolism_and_Selenoproteins	1	1	1	1	1	1	1	1	1	1	1	1	1	1	1	1	1	1	1	1	1	1	1	1	1	0.0653696314027	1	1	1	1	1	1	1	1	1	1	1	1	1	1	1	1	1	1	1	1	1	1	1	0.0309282105264	1	1	1	1	1	1	1	1	1	1	1	1	1	1	1	1	1	1	1	1	1	1	1	1	1	1	1	1	1	1	1	1	1	1	0.0819992489181	1	1	1	1	1	1	1	1	0.0340874921952	1	1	1	1	1	1	0.07525750592	1	1	1	1	0.0278069097175	1	1	1	1	1	1	1	1	1	1	1
Selenium_Micronutrient_Network	1	1	1	1	1	1	1	0.0786906138213	1	0.00167502941586	1	1	1	1	1	1	1	1	0.0493566832218	1	1	0.0921413151626	1	1	1	1	1	0.0136727336607	1	1	1	1	1	1	1	1	1	1	1	0.0235468532973	1	1	1	0.0670745435141	1	0.0690669372506	1	1	1	1	0.0046507293183	1	1	1	1	1	1	1	0.00174812657042	1	1	1	1	1	1	1	1	0.00620456186608	1	0.000816982611606	1	0.0359436590942	0.0412027229793	0.0352752553152	0.00356208209718	0.016619691586	0.0173582657044	1	0.00338915921042	1	1	1	1	0.0866273454479	1	0.0104356949997	0.0484933818177	0.00734890932031	0.00191742553948	1	0.0467848312217	1	1	0.00567988367045	1	1	1	1	1	1	1	1	1	1	0.0126414027846	1	1	0.00198034882622	1	1	1	1	1	0.0692235478994	0.00822422377872	1	1
Selenium_Pathway	1	1	1	1	1	1	1	0.0829816279301	1	0.00191169552719	1	1	1	1	1	1	1	1	0.0521946689979	1	1	0.0970583128441	1	1	1	1	1	0.0151719520109	1	1	1	1	1	1	1	1	1	1	1	0.0256905747201	1	1	1	0.0724775209603	1	0.0737930358246	1	1	1	1	0.00504405591649	1	1	1	1	1	1	1	0.00190141522517	1	1	1	1	1	1	1	1	0.00701798653612	1	0.000950291683832	1	0.0385986979845	0.0447420609176	0.0367770939845	0.00404571653591	0.0186335079476	0.018980904817	1	0.00385064311808	1	1	1	1	0.0900598463016	1	0.0118940795639	0.0525771997691	0.00830100410529	0.00221768860941	1	0.0494890205378	1	1	0.00634269746935	1	1	1	1	1	1	1	1	1	1	0.013204088971	1	1	0.00215331095797	1	1	1	1	1	0.0730594390312	0.00875555155057	1	1
Senescence_and_Autophagy	0.0422093440657	1	0.0991387376714	1	1	0.0644034292787	1	0.0375362379435	0.0428877427402	0.00151232308632	1	1	1	1	1	1	0.00963279700294	1	0.0200567797844	1	1	1	1	1	1	1	1	0.00330612669032	1	1	0.0335524830826	0.0316045025914	1	1	0.0761340153081	1	1	1	1	0.0558461317696	1	1	0.0672401795207	0.000394440203355	1	0.0458860985803	0.0740824228666	1	0.0539758334689	1	1	0.00935004376555	1	1	1	1	1	1	0.0283554986241	1	1	1	1	1	1	0.0722396460044	1	0.00174474997293	1	0.0132035298153	1	0.00475443925997	1	1	0.000851084279762	1	1	1	0.0382386272022	1	1	1	1	1	0.0119123641367	0.00143783472635	3.57337139129e-05	0.00775572618139	0.00811413903951	1	1	1	0.00490030849005	1	1	1	1	0.0701263186651	1	0.0238018524789	1	1	1	1	1	1	1	1	1	1	1	1	1	1	1	0.0787139623588	1
Serotonin_Transporter_Activity	1	1	1	1	1	1	1	1	1	1	1	1	1	1	1	1	1	1	1	1	1	1	1	1	1	1	1	1	1	1	1	1	1	1	0.0106287805731	1	1	1	1	1	1	1	1	1	1	1	1	1	1	1	1	1	1	1	1	1	1	1	1	1	1	1	1	1	1	1	1	1	1	1	1	1	1	1	1	1	1	1	1	1	1	1	1	1	1	1	1	1	1	1	1	1	1	1	1	1	1	1	1	1	1	1	1	1	1	1	1	1	1	1	1	1	1	1	1	1	1
Signaling_Pathways_in_Glioblastoma	1	1	1	1	1	1	1	1	1	1	1	1	1	1	1	1	0.00583479731596	1	1	1	1	1	1	1	1	1	1	1	1	1	1	1	1	1	1	1	0.0991038161843	1	1	1	1	1	1	1	1	1	1	1	1	1	1	0.0456779029626	1	1	1	1	1	1	1	1	1	1	1	1	1	1	0.073147553829	1	1	1	1	1	1	1	1	1	1	1	1	1	1	1	1	1	1	1	1	1	1	1	1	1	0.0301548196977	1	1	1	1	1	1	0.01461212444	1	1	1	1	1	1	1	1	1	1	1	1	1	1	1	1	1
Signaling_of_Hepatocyte_Growth_Factor_Receptor	1	1	1	1	1	1	1	1	1	1	1	1	1	1	1	1	1	1	1	1	1	1	1	1	1	1	1	1	1	1	1	1	1	1	1	1	1	1	1	1	1	1	1	1	1	1	1	1	1	1	1	1	1	1	1	1	1	1	1	1	1	1	1	1	1	1	1	1	1	1	1	0.085442397342	1	1	1	1	1	1	1	1	1	1	1	1	1	1	1	1	1	1	1	1	1	1	1	1	1	1	1	1	1	1	1	1	1	1	1	1	1	1	1	1	1	1	1	1	1
Small_Ligand_GPCRs	1	1	1	1	1	1	1	1	1	1	1	1	1	1	1	1	1	1	1	1	1	1	1	1	1	1	1	1	1	1	1	1	1	1	1	1	1	1	1	0.00587461542073	1	1	1	1	1	1	1	1	1	1	1	1	1	1	1	1	1	1	1	1	1	1	1	1	1	1	1	0.0132423821315	1	0.0103105104266	1	1	1	1	0.0757068170395	1	1	1	1	1	1	1	1	1	1	1	1	0.095069261947	1	1	1	1	1	1	1	0.0023020807001	1	1	1	1	1	1	1	1	1	1	1	1	1	1	1	1	0.0279272801136	1	1	1	1
Spinal_Cord_Injury	0.0100510424208	1	0.0200538370653	1	1	0.0250040333104	1	1	1	0.0104083604317	1	1	1	1	1	1	1	1	1	1	1	0.0163289903432	1	1	1	1	1	0.0195269951548	0.00993830432891	1	1	1	1	1	1	1	1	1	1	0.0259992361648	1	0.0223886409779	1	0.0319450581228	1	1	0.092491582761	1	1	0.0572888783085	0.0146483644432	1	1	0.00782412095951	1	1	1	0.000660003633891	0.0361853123599	1	1	0.0612663246996	1	1	1	0.0852117694592	1	1	1	1	0.00467651854624	4.97092311235e-05	0.0486807321198	0.00763070028973	0.0062307779494	1	0.000225290269828	1	1	1	1	0.0151914547933	1	1	1	0.0597004010034	0.0204050472375	0.0963541702349	0.00121536270885	0.0313174193933	0.000810849936163	1	1	0.00747128886179	0.046133841044	1	1	0.0203957602317	1	1	1	1	1	1	1	1	1	1	1	1	1	1	1	1	1	1	1
Statin_Pathway	1	1	1	1	1	1	1	1	1	1	1	1	1	1	1	1	1	1	1	1	1	1	1	1	1	1	1	1	1	1	1	1	1	1	1	1	1	1	1	1	1	1	1	1	1	1	1	1	1	1	1	1	1	1	1	1	1	1	1	1	1	1	1	1	1	1	1	1	1	1	1	1	1	1	1	1	1	1	1	1	1	1	1	1	1	1	1	1	1	1	1	1	1	1	1	1	1	1	1	1	1	1	1	1	1	1	1	1	1	1	1	1	0.0553403021041	1	1	1	1
Striated_Muscle_Contraction	0.0353196289206	0.0134356077812	1	1	1	1	1	1	1	1	1	1	1	1	1	1	1	1	0.0602064137188	1	1	0.0946721074292	1	1	1	1	1	1	0.0105564309185	0.00560364719227	1	0.0768067899426	1	1	1	1	0.0281982733762	1	1	1	1	1	1	1	1	1	1	1	1	1	1	1	1	0.0695253995037	1	1	1	1	1	1	1	0.0391152590131	1	1	1	1	1	1	1	1	1	1	0.0634170381263	1	1	1	1	1	0.0691814193041	1	1	1	1	1	1	1	1	1	1	1	1	1	1	1	1	1	1	1	0.0122215322592	1	0.0894503943252	1	1	1	1	1	1	1	1	1	1	1	1	0.0768067899426	1	1	1
Sulfation_Biotransformation_Reaction	1	1	1	1	1	1	1	1	1	1	1	1	1	1	1	1	1	1	1	1	1	1	1	1	1	1	1	1	1	1	1	1	1	1	1	1	1	1	1	1	1	1	1	1	1	1	1	1	1	1	1	1	1	1	1	1	1	1	1	1	1	1	1	1	1	1	1	1	1	1	0.0992829601053	1	1	1	1	1	1	1	1	1	1	1	1	1	1	1	1	1	1	1	1	1	1	1	1	1	1	1	1	1	1	1	1	1	1	1	1	1	1	1	1	1	1	1	1	1	1
Sulindac_Metabolic_Pathway	1	1	1	1	1	1	1	1	1	1	1	1	1	1	1	1	1	1	1	1	1	1	1	1	1	1	1	1	1	1	1	1	1	1	1	1	1	1	1	1	1	1	1	1	1	1	1	1	1	1	1	1	1	1	1	1	1	1	1	1	1	1	1	1	1	1	1	0.00606847018076	1	1	1	1	1	1	1	1	1	1	1	1	1	1	1	1	1	1	1	1	1	1	1	1	1	1	1	1	1	1	1	1	1	1	1	1	1	1	1	1	1	1	1	1	1	1	1	1	1
TCA_Cycle	1	1	1	1	1	1	1	1	1	1	1	1	1	1	1	1	1	1	1	1	1	1	1	1	1	1	1	1	1	1	1	1	1	1	1	1	1	1	1	1	1	1	1	1	1	1	1	1	1	1	1	1	1	1	1	1	1	1	1	1	1	1	1	1	1	1	1	1	1	1	1	1	1	1	1	1	1	1	1	1	1	1	1	1	1	1	0.0627801333983	1	0.0802260421043	1	1	1	1	1	1	1	1	1	1	1	1	1	1	1	1	1	1	1	1	1	1	1	1	1	1	1	1
TCR_Signaling_Pathway	1	1	0.0743317980693	1	1	1	1	1	1	0.00246240062584	1	1	1	1	1	1	1	1	1	1	1	0.00555239406475	1	0.0398548659004	1	1	1	0.0594705154762	1	1	1	1	1	1	1	1	1	1	1	1	1	1	1	1	1	1	0.00906087559894	1	1	1	1	1	1	1	1	1	1	1	1	1	1	1	1	1	1	0.000456561391802	1	0.0862329719507	1	1	1	0.0104881944233	1	1	1	1	1	1	1	1	1	1	1	1	1	1	1	1	0.010903520702	1	1	1	1	1	1	1	1	1	1	1	1	1	1	1	0.0143622632135	1	1	1	1	0.0854560528324	1	1	1	0.00327303475913	1	1	1
TGF_Beta_Signaling_Pathway	1	1	1	1	1	1	1	1	1	0.0976382456493	1	1	1	1	1	1	1	1	0.0961417946535	1	1	0.0300085545281	1	1	1	1	1	0.035475502272	1	1	1	1	1	1	1	1	1	1	1	1	1	1	1	0.048621855741	1	1	0.0859082612743	1	1	1	1	1	1	1	0.0665707631208	1	1	1	0.0435719033124	1	0.0311288884101	1	1	1	1	1	1	1	1	1	1	0.0441050392558	1	1	0.0364802144058	1	1	1	1	1	1	1	1	1	1	1	1	1	1	1	1	1	1	1	1	1	1	0.0825763773976	1	1	1	0.0462501059623	1	1	1	1	1	1	1	1	1	1	1	1	1	1	1
TGF_beta_Signaling_Pathway	1	1	1	1	1	1	1	1	1	1	1	1	1	1	1	1	1	1	1	1	1	1	1	1	1	0.0384062227976	1	1	1	1	1	1	1	1	1	1	1	1	1	1	1	1	1	1	1	1	1	1	1	1	1	1	1	1	1	1	1	1	1	1	1	1	1	1	1	1	0.00428174971423	1	1	1	1	1	1	1	1	1	1	1	1	1	1	1	1	1	1	1	1	1	1	1	1	1	1	1	1	1	1	0.0251413079834	1	0.0320290307484	1	1	1	1	1	1	1	1	1	1	1	1	1	1	1	1	1
TOR_Signaling	1	1	1	1	1	1	1	1	1	1	1	1	1	1	1	1	1	1	1	1	1	1	1	1	1	1	1	1	1	1	1	1	1	1	0.0964903893293	1	1	1	1	1	1	1	1	1	1	1	1	1	1	1	0.0324524136473	1	1	1	1	1	1	1	1	1	1	1	1	1	1	1	1	1	1	1	1	1	1	1	1	1	1	1	1	1	1	1	1	1	1	1	1	1	0.0680961718628	1	1	1	1	1	1	1	1	1	1	1	1	1	1	1	1	1	1	1	1	1	1	1	1	1	1	1	1
TP53_Network	1	1	1	1	1	0.00016619370788	1	1	1	1	1	0.0750254951832	1	1	1	1	0.00035846869434	1	1	1	1	1	0.0048896415763	1	1	1	1	1	1	1	1	1	1	1	1	1	0.000277561439925	1	1	0.0586347506076	1	1	1	1	1	1	1	0.00168247052838	1	1	1	7.25500728519e-05	1	1	1	1	1	1	1	1	1	1	1	1	1	1	1	0.0151680863789	1	1	1	1	1	1	0.0115494300686	1	1	1	0.0812051678531	1	1	1	1	1	0.0280404417803	0.0349904583672	1	1	1	1	1	1	0.00200155335661	1	1	1	1	1	1	0.000929239778311	1	1	1	1	1	1	1	1	1	1	1	1	1	1	1	1	1
TSH_signaling_pathway	1	1	1	1	1	1	1	1	1	1	1	1	1	1	1	1	1	1	1	1	0.0110036043414	1	1	1	1	1	1	1	1	1	1	1	1	1	1	1	1	1	1	1	1	1	1	1	1	1	1	1	1	1	1	1	1	1	1	1	1	1	1	1	1	1	1	1	1	1	1	1	1	1	1	0.071387463095	1	1	1	1	1	1	1	1	1	1	1	1	1	1	1	1	1	1	1	1	1	1	1	1	1	1	1	1	1	0.0657533673135	1	1	1	1	1	1	1	1	1	1	1	1	1	1	1
TSLP_Signaling_Pathway	1	1	1	1	1	1	1	1	1	5.24755883725e-05	1	1	1	1	1	1	1	1	1	1	1	1	1	1	1	1	1	0.000847154339055	1	1	1	0.000190503652153	1	1	0.00580806077564	1	1	1	1	0.0141116384794	1	1	1	0.0360965703908	1	1	1	1	1	1	0.000593516450404	1	1	1	1	1	1	0.0114538903364	1	1	1	1	1	1	1	1	1	3.00246230612e-05	0.0204698821617	1.52874371353e-05	1	1	1	1	0.0268573591156	0.00390675070141	1	0.0536190545724	1	0.0170547487959	1	1	1	1	1	0.0955081728134	0.0268573591156	0.00176743407305	0.00183876837542	0.0877516927307	0.0787063446592	1	1	0.00232650271214	1	1	1	1	1	1	1	1	1	1	1	1	1	1	1	1	1	1	0.0276261966593	1	1	1	1
TWEAK_Signaling_Pathway	0.00333303228875	1	1	1	1	0.0209162249558	1	1	1	0.0103742219285	1	1	1	1	1	1	1	1	1	1	1	0.0985260769094	1	1	1	1	1	0.00267844535944	0.0112613661966	1	1	1	1	1	1	1	1	1	1	0.046641569687	1	1	1	0.0927749552927	0.0470465687489	1	1	1	1	0.0388367669127	0.00454265025255	1	1	0.0724472531318	1	1	1	1	1	1	0.0196417645869	1	1	1	1	1	0.0211620496959	0.00430712563543	0.0153756742297	0.00289354713759	1	0.0234286121111	1	1	0.0747396141954	0.00950906444802	1	0.000269131171822	0.0731868549474	0.0127866853984	1	1	1	1	1	0.0615198046058	0.0162523493292	1	0.00509062421441	1	0.000628148578284	1	1	0.046641569687	1	1	1	1	1	1	1	1	1	1	1	0.0349629839369	1	1	1	1	1	1	1	0.080004127694	1	1	1
Tamoxifen_metabolism	1	1	1	1	1	1	1	1	1	1	1	1	1	1	1	1	1	1	1	1	1	1	1	1	1	1	1	1	1	1	1	1	1	1	1	1	1	1	1	1	1	1	1	1	1	1	1	1	1	1	1	1	1	1	0.0110828548565	1	1	1	1	1	1	1	1	1	1	1	1	0.0979857290713	1	1	1	1	1	1	1	1	1	1	1	1	1	1	1	1	1	1	1	1	1	1	1	1	1	1	1	1	1	1	1	1	1	1	1	0.00699970391993	1	1	1	1	1	1	1	1	1	1	1	1	1
Toll-like_receptor_signaling_pathway	0.0366527392911	1	1	1	1	1	1	1	1	0.00104950824193	1	0.0745991248753	1	1	1	1	1	1	1	1	1	1	0.0966635743083	1	1	1	1	3.13628518467e-06	1	1	1	1	1	1	0.0646493880703	1	1	1	1	0.045767022425	1	0.0149811194062	0.0569453414625	0.0461267313111	0.051333473683	0.010230871214	0.0648256829477	1	1	1	0.0481991108479	1	1	1	1	1	1	0.0451286401455	1	1	0.0149811194062	1	1	1	1	1	1	5.42049781612e-05	0.0774865260252	0.000602566016002	0.0457111093293	1.78858843158e-06	1	1	0.089412748021	0.0394190799061	0.00918030368669	0.00723602095196	0.0301871902053	0.00801272594942	1	0.011364007813	1	1	1	0.027980240675	0.00942177257281	0.00555504809698	0.00581782387836	0.00346519764555	1	1	1	1	1	1	1	0.0613121504135	1	1	1	1	1	1	1	1	1	1	1	0.0166800611592	1	1	0.0115137083687	1	1	1	1
Trans-sulfuration_and_one_carbon_metabolism	1	1	1	1	1	1	1	1	1	1	1	1	1	1	1	0.000531162695663	1	1	1	1	1	1	1	1	1	1	1	1	1	1	1	1	1	1	1	1	1	1	1	1	1	1	1	1	1	1	1	0.00523963047792	1	1	1	1	1	1	1	1	1	1	1	1	1	1	1	1	1	1	1	1	1	1	1	1	1	1	1	1	1	1	1	1	1	1	1	1	1	0.0920601032163	1	1	1	1	0.0333757012939	1	1	1	1	1	1	1	0.0067789439077	1	1	0.0158938677355	1	1	1	1	1	1	0.00612494213274	1	1	1	0.0623345598991	1	1	1	1
Transcriptional_activation_by_NRF2	1	1	1	1	1	1	1	0.0125271063022	1	0.0353768383368	1	1	1	1	1	1	1	1	1	1	1	1	1	1	1	1	1	1	1	1	1	1	1	1	0.0195417006888	1	1	1	1	1	1	1	1	1	1	1	1	1	1	1	1	1	1	1	1	1	1	1	1	1	1	1	1	1	1	1	1	0.0540108739205	0.00192805655308	1	1	1	1	1	0.0450335650539	0.075432257788	0.00200528189999	1	1	1	1	1	1	1	1	0.0944431328878	1	0.0571375098064	0.0579292491559	1	1	1	1	1	1	1	1	1	1	1	1	1	1	1	1	1	1	0.00382024258595	1	1	1	1	0.0160986984772	1	1	1	1
Tryptophan_metabolism	1	1	1	1	1	1	1	1	1	1	1	1	0.00649283268119	1	1	0.0250097369956	1	1	1	1	1	1	1	1	1	1	1	1	1	1	0.00332073169212	1	1	1	1	1	1	1	1	0.0581044425133	0.000873924085846	1	0.0274543853929	1	1	0.00943047786096	1	1	1	1	1	0.0151596291819	1	1	1	1	1	1	0.032679588563	1	1	1	1	1	1	1	1	0.00633268675476	1	1	1	1	1	1	0.0219114677218	1	1	1	1	1	1	1	1	1	1	1	0.0920665350487	1	1	1	1	1	1	1	1	1	1	1	1	1	1	1	1	0.00275466051922	1	1	1	0.0347244196868	1	1	1	1	1	1	1	1	1
Type_III_interferon_signaling	1	1	1	1	1	1	1	1	1	1	1	1	1	1	1	1	1	1	1	1	1	1	1	1	1	1	1	1	1	1	1	1	1	1	1	1	1	1	1	0.0116316064446	1	1	0.00652571656187	0.0201324564441	1	0.0104576517746	1	1	1	1	1	1	1	1	1	1	1	1	1	1	1	1	1	1	1	1	1	1	1	1	1	1	1	1	1	1	1	1	1	1	1	1	1	1	1	1	0.0168814296241	0.0216922358743	1	1	1	1	1	1	1	1	1	1	1	1	1	1	1	1	1	1	1	1	1	1	1	1	1	1	1	1	1
Type_II_interferon_signaling_(IFNG)	1	1	0.0103104196552	1	1	1	0.000987734344669	1	1	0.000386750103346	1	2.58848335988e-07	1	1	1	1	1	1	0.0368179988806	1	5.25722649285e-05	0.00693093147023	1	1	1	1	1	5.45573311361e-06	1	1	1	1	1	1	0.0011049762838	1	1	1	1	0.0	1	1	7.85139098181e-09	1.15065734718e-11	0.000113548694738	9.42360633971e-11	1	2.74571399749e-05	1	1	1	1	1	1	1	1	1	1	0.000896088758548	1	0.000518955055928	1	1	1	1	0.000262960537608	1	5.57684958213e-08	1	2.47764845307e-08	0.0790604604676	0.0105347607887	1	3.28374163505e-06	3.95789776175e-07	3.63082086263e-06	0.00214013103601	0.0236109694388	3.69391883859e-07	1	1	1	1	1	1	4.64290272895e-09	1.13737941287e-09	7.34573833983e-08	1.16554373708e-06	0.00374008808805	1	1	1	0.0217249730678	1	1	1	1	1	1	1	1	1	1	0.0017790183521	1	1	4.07300460938e-05	1	1	1	1	0.000750708771722	2.10257606145e-05	1	1	1
Vitamin_A_and_Carotenoid_Metabolism	1	1	1	1	1	0.0172417061021	1	1	1	1	1	1	1	1	1	1	1	1	1	1	1	1	1	1	1	0.0739441410604	1	1	1	1	1	1	1	1	1	1	1	1	1	1	1	1	1	1	1	1	1	1	1	1	1	1	1	1	1	1	1	1	1	1	1	1	1	1	1	1	1	1	1	1	1	1	1	1	1	1	1	1	1	1	1	1	1	0.00140950541302	1	1	1	1	1	1	1	1	1	1	1	1	1	1	1	1	1	1	1	0.0242061388446	1	1	1	1	1	1	1	1	0.097045891876	1	1	1	1
Vitamin_B12_Metabolism	1	1	1	1	1	1	1	1	1	0.0215495259717	1	1	1	1	1	1	1	1	1	1	1	0.0525082855434	1	1	1	1	1	0.00438889136748	1	1	1	1	1	1	0.00914697775056	1	1	1	1	1	1	1	0.0653432098607	1	0.0242061388454	1	1	1	1	1	1	1	1	1	1	1	1	1	1	1	1	1	1	1	1	1	1	0.000829329570748	1	0.00467575460014	1	0.0687034922489	1	1	0.03038967426	0.0626060677063	0.0956021438196	0.0209021490475	1	0.00635700727436	1	1	1	1	1	0.0852406896882	1	0.0425160863896	0.00743955213309	1	1	1	1	1	1	1	1	1	1	1	1	1	1	1	1	1	1	0.0149264538591	1	1	1	1	0.0588007852542	1	1	1	1
Vitamin_D_Metabolism	1	1	1	1	1	1	1	1	1	1	1	0.0152152720581	1	1	1	1	1	1	1	1	1	1	1	1	1	1	1	1	1	1	1	1	1	1	1	1	1	1	1	1	1	1	1	1	1	1	1	1	1	1	1	1	1	1	1	1	1	1	1	1	1	1	1	1	1	1	1	1	1	1	1	1	1	1	1	1	1	1	1	1	1	1	1	1	1	0.0370899948411	1	1	1	1	1	1	1	1	1	1	1	1	1	1	1	1	1	1	1	1	1	1	1	1	1	1	1	1	1	1	1
Wnt_Signaling_Pathway_and_Pluripotency	0.0366527392911	1	1	1	1	0.0544943198835	1	1	1	1	1	1	1	1	1	1	1	1	1	1	1	1	1	1	1	1	1	1	1	1	1	1	1	1	1	1	1	1	1	1	1	1	1	1	1	1	1	1	1	1	1	1	1	1	1	1	1	1	1	1	1	1	1	1	1	1	1	1	1	1	1	1	1	1	1	1	1	1	1	1	1	1	1	1	1	1	1	1	1	1	1	1	1	1	1	1	1	1	1	1	1	1	1	1	1	1	1	1	1	1	1	1	1	1	1	1	1
mRNA_Processing	1	1	1	1	1	1	1	1	1	1	1	1	1	1	1	1	1	1	1	1	1	1	1	1	1	1	1	1	1	1	1	1	1	1	1	1	1	1	1	1	1	1	1	1	1	1	1	1	1	1	1	1	1	1	1	1	1	1	1	1	1	1	1	1	1	1	1	1	1	1	1	1	1	1	1	1	1	1	1	1	1	1	1	1	1	1	1	1	1	1	1	1	1	1	1	1	0.0383253250606	1	1	1	1	1	1	1	1	1	1	1	1	1	1	1	1	1	1	1	1
metapathway_biotransformation	1	0.0403796727034	1	1	1	1	1	1	1	1	1	1	0.000989702002895	1	0.0971130450019	1	1	1	1	1	1	1	1	1	1	1	1	1	1	1	1	1	1	1	1	1	1	1	1	1	1	1	1	1	1	1	1	1	1	1	1	1	1	1	1	1	1	1	1	1	1	1	1	1	1	1	1	1	1	1	1	1	1	1	1	1	1	0.0108454174837	1	1	1	1	1	0.0184011573916	1	1	1	1	1	1	1	1	1	1	1	1	0.0701860616279	1	1	1	1	1	1	0.00436574753611	1	1	1	1	1	1	0.0125977187675	1	1	1	1	1	1
miR-targeted_genes_in_epithelium_-_TarBase	1	1	1	1	1	1	1	1	1	1	0.0924655257191	1	1	1	1	1	1	1	1	0.00664632144128	1	1	1	1	1	1	1	1	1	1	1	1	1	1	1	1	0.0727971456762	1	1	1	1	1	1	1	1	1	1	1	1	1	1	1	1	1	1	1	1	1	1	1	1	1	1	1	1	1	1	1	1	1	1	1	1	1	1	1	1	1	1	1	1	1	1	1	1	1	1	1	1	1	1	1	1	1	1	1	1	1	0.00036447439894	1	1	1	1	1	1	1	1	1	1	1	1	1	1	1	1	1	1
miR-targeted_genes_in_leukocytes_-_TarBase	1	1	1	1	1	0.0891931948243	1	1	1	1	0.00147694489182	1	1	1	1	1	1	0.0845528864723	1	1	1	1	1	1	1	0.00323224611883	1	1	0.0397651170367	1	1	1	1	1	1	0.0547093249155	0.00406859548779	1	1	1	1	1	1	1	1	1	1	1	1	1	1	1	1	1	0.00986531510875	0.0298359349374	1	0.00618122201313	1	1	1	1	1	1	1	1	1	0.0714247268744	0.0400865046589	1	0.0465177973956	1	1	1	1	1	1	1	1	1	0.0953820803328	1	1	1	1	1	1	1	0.0853538275047	1	0.0764308864801	1	1	1	0.0271179265659	1	1	0.0625867246883	0.0312227243502	1	1	1	1	1	1	1	1	1	1	0.0119731344724	1	1	1	1	1	0.0355110005649	0.0298359349374
miR-targeted_genes_in_lymphocytes_-_TarBase	1	1	1	1	1	1	1	1	1	1	0.0678439010616	1	1	1	1	1	1	1	1	0.0189795739875	1	1	1	1	1	1	1	1	1	1	1	1	1	1	1	1	0.0414120978559	1	1	1	1	1	1	1	1	1	1	1	1	1	1	1	1	1	1	0.0451590625371	1	1	1	1	1	1	1	1	1	1	1	1	1	1	1	1	1	1	1	1	1	1	1	1	1	1	1	1	1	1	1	1	1	1	1	1	1	1	1	1	1	1	0.00342740429665	1	1	1	1	1	1	1	1	1	1	1	1	1	1	1	1	1	1
miR-targeted_genes_in_muscle_cell_-_TarBase	1	1	1	1	1	1	1	1	1	1	1	1	1	1	1	1	1	1	1	0.0105159351045	1	1	1	1	1	1	1	1	1	1	1	1	1	1	1	1	1	1	1	1	1	1	1	1	1	1	1	1	1	1	1	1	1	1	1	1	1	1	1	1	1	1	0.0885147468097	1	1	1	0.0681751650564	1	1	1	1	1	1	1	1	1	1	1	1	1	1	1	1	1	1	1	1	1	1	1	1	1	1	1	0.060278920434	1	1	1	0.0880803611585	1	1	1	1	1	1	1	1	1	1	1	1	1	1	1	1	0.0300316449663	1
miR-targeted_genes_in_squamous_cell_-_TarBase	1	1	1	1	1	1	1	1	1	1	0.093507086397	1	1	1	1	1	1	1	1	1	1	1	1	0.0194975438369	1	0.0580725392069	1	1	1	1	1	1	1	1	1	1	0.0908310228702	1	1	1	1	1	1	1	1	1	1	1	1	1	1	1	1	1	0.0412595184526	0.0291958551628	1	1	1	1	1	1	1	1	1	1	1	1	1	1	1	1	1	1	1	1	1	1	1	1	1	1	1	1	1	1	1	1	1	1	1	1	1	1	1	1	1	1	0.0303020910277	1	1	1	1	1	1	1	1	1	1	1	1	1	1	1	1	1	0.0291958551628
miRNA_Regulation_of_DNA_Damage_Response	1	1	1	1	1	0.0143680488762	1	1	1	1	1	1	1	1	1	1	0.000309003051627	1	1	1	1	1	0.0982420808622	1	1	0.0434069501147	1	1	1	1	1	1	1	1	1	1	1	1	1	1	1	1	1	1	1	1	1	0.0324180055693	1	1	1	0.00822708885367	1	1	1	1	1	1	1	1	1	1	1	1	1	1	0.0171110603969	1	1	1	1	1	1	1	1	1	1	1	1	1	1	1	1	1	1	1	1	1	1	1	1	1	1	1	1	1	1	1	1	1	1	1	1	1	1	1	1	1	1	1	1	1	1	1	1	1	1
miRNAs_involved_in_DNA_damage_response	1	1	1	1	1	1	1	1	1	1	1	1	1	1	1	1	1	1	1	1	1	1	1	1	1	1	1	1	1	1	1	1	1	1	1	1	1	1	1	1	1	1	1	1	1	1	1	1	1	1	1	1	1	1	1	1	1	1	1	1	1	1	1	1	1	1	0.0573146581219	1	1	1	1	1	1	1	1	1	1	1	1	1	1	1	1	1	1	1	1	1	1	1	1	1	1	1	1	1	1	1	1	1	1	1	1	1	1	1	1	1	1	1	1	1	1	1	1	1	1
p38_MAPK_Signaling_Pathway	1	1	1	1	1	0.0793223275991	1	1	1	1	1	1	1	1	1	1	1	1	1	1	1	1	1	1	1	1	1	1	0.0528716058498	1	1	1	1	1	1	1	1	1	1	1	1	1	1	1	1	1	1	0.0582218708045	1	1	1	1	1	1	1	1	1	1	1	1	1	1	1	1	1	1	1	1	1	1	1	1	1	1	1	1	1	1	1	1	1	1	1	1	1	1	1	1	1	0.0443836002401	1	1	1	1	1	1	1	1	1	1	1	1	1	1	1	0.0225733433303	1	1	1	1	1	1	1	1	1	1	1
