	ARID3A	ARID5B	ARNT	ASCL2	ATF3	BATF3	BHLHE41	ETS2	ETV5	FOS	FOXO3	HLX	HMG20B	HMGA1	HMGN3	IRF1	JUNB	JUND	KLF10	KLF3	KLF6	LYL1	MAFB	MSC	NFE2L1	NFE2L2	PKNOX1	PLSCR1	SOX4	TCF4	TCF7L2	TGIF1	TSC22D1	YBX1	ZEB2	ZNF143	ZNF75A
ALK1_pathway	1	1	1	1	1	1	0.0412860113318	1	1	1	1	1	1	1	1	1	1	1	1	1	1	1	0.079927919509	1	1	1	1	1	0.0521399640896	1	1	1	1	1	1	1	1
ALK1_signaling_events	1	1	1	1	1	1	0.0404287782529	1	1	1	1	1	1	1	1	1	1	1	1	1	1	1	0.0769357691249	1	1	1	1	1	0.0498096122872	1	1	1	1	1	1	1	1
AP-1_transcription_factor_network	1	1	1	0.00317294426879	1	1	1	1	1	1	1	1	1	0.0519263112923	1	1	1	1	1	1	1	1	0.0420591479806	1	1	1	0.0175228088739	1	1	1	1	1	1	0.0376105389852	1	1	1
APC/C	1	1	1	1	1	1	1	1	1	0.097282006223	1	1	1	1	1	1	1	1	1	1	1	1	1	1	1	1	1	1	0.0304981155712	1	1	1	1	1	1	1	1
APC/C-mediated_degradation_of_cell_cycle_proteins	1	1	1	1	1	1	1	1	1	1	1	1	1	1	1	1	1	1	1	1	1	1	1	1	1	1	1	1	0.0379549490141	1	1	1	1	1	1	1	1
ATF-2_transcription_factor_network	1	1	1	1	1	1	1	1	1	1	1	1	1	1	1	1	1	1	1	1	1	1	0.0802171021528	1	1	1	1	1	1	1	1	1	1	1	1	1	1
ATM_pathway	1	1	1	1	1	1	1	1	1	1	1	1	1	1	1	1	1	1	1	1	1	1	1	1	1	1	1	1	0.0570017560823	1	1	1	1	1	1	1	1
ATR_signaling_pathway	1	1	1	1	1	1	1	1	1	1	1	1	1	1	1	1	1	1	1	1	1	1	1	1	1	1	1	1	0.0220980242323	1	1	1	1	1	1	1	1
Activation,_myristolyation_of_BID_and_translocation_to_mitochondria	1	1	1	1	1	1	1	1	1	1	1	1	1	1	1	1	1	1	1	1	1	1	1	1	1	1	1	1	0.00100544311312	1	1	1	1	1	1	1	1
Activation_of_APC/C_and_APC/C	1	1	1	1	1	1	1	1	1	0.0997473541062	1	1	1	1	1	1	1	1	1	1	1	1	1	1	1	1	1	1	0.0316811638145	1	1	1	1	1	1	1	1
Activation_of_BH3-only_proteins	1	1	1	1	1	1	1	1	1	1	1	1	1	1	1	1	1	1	1	1	1	1	1	1	1	1	1	1	0.0112295149291	1	1	1	1	1	1	1	1
Adaptive_Immune_System	1	1	1	1	1	1	1	1	1	0.0457860946075	1	1	1	0.0512752382557	1	1	1	1	1	1	1	1	1	1	1	0.077089879826	0.00223992087092	1	0.0306308041956	1	1	1	1	0.0026870038868	1	1	1
Alpha-synuclein_signaling	1	1	1	1	1	1	1	0.0235177567906	1	1	1	1	1	1	1	1	1	1	1	1	1	1	1	1	1	0.0589621849841	1	1	1	1	1	1	1	1	1	1	1
Alpha4_beta1_integrin_signaling_events	1	1	1	1	1	1	1	1	1	1	1	1	1	1	0.0185345187696	1	1	1	1	1	1	1	1	1	1	0.0992950664297	1	1	1	1	1	1	1	0.0698213563794	1	1	1
Alpha6Beta4Integrin	1	1	1	1	1	1	1	1	1	1	1	1	1	1	1	1	1	1	1	1	1	1	1	1	1	1	1	1	0.0112164557145	1	1	1	1	1	1	1	1
Alpha9_beta1_integrin_signaling_events	1	1	1	0.00784474846558	1	1	1	1	0.0782934421949	0.0108331578077	1	1	1	1	1	1	1	1	1	0.0764865129771	1	1	0.063372785209	1	0.0549909865432	1	0.0853362494579	1	1	1	1	1	1	0.0242740657215	1	1	1
Alternative_NF-kappaB_pathway	1	1	1	1	1	1	1	1	1	1	1	1	1	1	1	1	1	1	1	1	1	1	1	1	1	1	0.016034028441	1	1	1	1	1	1	1	1	1	1
Amino_acid_and_oligopeptide_SLC_transporters	1	1	0.0206418536931	1	1	1	1	1	1	1	1	1	1	1	1	1	1	1	1	1	1	1	1	1	1	1	1	1	0.0492499440896	1	1	1	1	0.08623316069	1	1	1
Amino_acid_transport_across_the_plasma_membrane	1	1	0.0153918738503	1	1	1	1	1	1	1	1	1	1	1	1	1	1	1	1	1	1	1	1	1	1	1	1	1	0.0371819072685	1	1	1	1	0.0658991412514	1	1	1
AndrogenReceptor	1	1	1	1	1	1	1	0.0399905485323	1	1	1	1	1	1	1	1	1	1	1	1	1	1	0.0252592365574	1	1	1	1	1	1	1	1	1	1	1	1	1	1
Antigen_processing	1	1	1	1	1	1	1	1	1	0.0805604760379	1	1	1	1	1	1	1	1	1	1	1	1	1	1	1	1	1	1	0.022891703233	1	1	1	1	1	1	1	1
Antigen_processing-Cross_presentation	1	1	1	1	1	1	1	1	1	1	1	1	1	0.0863818627801	1	1	1	1	1	1	1	1	1	1	1	1	1	1	0.0353739858702	1	1	1	1	1	1	1	1
Apoptosis	1	1	1	1	1	1	1	1	1	1	1	1	1	1	1	1	1	1	1	1	1	1	1	1	1	1	1	1	0.000593299661731	1	1	1	1	1	1	1	1
Arf6_downstream_pathway	1	1	1	0.00667445448315	1	1	1	1	1	0.0221850798193	1	1	1	1	1	1	1	1	1	0.0719028647512	1	1	1	1	0.0507326730599	1	1	1	1	1	1	1	1	0.0200317709077	1	1	1
Arf6_signaling_events	1	1	1	0.00667445448315	1	1	1	1	1	0.0221850798193	1	1	1	1	1	1	1	1	1	0.0719028647512	1	1	1	1	0.0507326730599	1	1	1	1	1	1	1	1	0.0200317709077	1	1	1
Arf6_trafficking_events	1	1	1	0.00667445448315	1	1	1	1	1	0.0221850798193	1	1	1	1	1	1	1	1	1	0.0719028647512	1	1	1	1	0.0507326730599	1	1	1	1	1	1	1	1	0.0200317709077	1	1	1
Assembly_of_the_pre-replicative_complex	1	1	1	1	1	1	1	1	1	1	1	1	1	1	1	1	1	1	1	1	1	1	1	1	1	1	1	1	0.0406304565898	1	1	1	1	1	1	1	1
Atypical_NF-kappaB_pathway	1	1	1	1	1	1	1	1	1	1	1	1	1	1	1	1	1	1	1	1	1	1	1	1	1	1	0.0813258858253	1	1	1	1	1	1	1	1	1	1
Aurora_A_signaling	1	1	1	1	1	1	1	1	1	0.0876076411145	1	1	1	1	1	1	1	1	1	1	1	1	1	1	1	1	1	1	1	1	1	1	1	1	1	1	1
Autodegradation_of_Cdh1_by_Cdh1	1	1	1	1	1	1	1	1	1	0.0714656642549	1	1	1	1	1	1	1	1	1	1	1	1	1	1	1	1	1	1	0.0190768531666	1	1	1	1	1	1	1	1
Autodegradation_of_the_E3_ubiquitin_ligase_COP1	1	1	1	1	1	1	1	1	1	0.0899973155217	1	1	1	1	1	1	1	1	1	1	1	1	1	1	1	1	1	1	0.0270933509347	1	1	1	1	1	1	1	1
BCR_signaling_pathway	1	1	1	1	1	1	1	1	1	1	1	1	1	1	1	1	0.0876076411145	1	1	1	1	1	1	1	1	1	0.0201330615056	1	1	1	1	1	1	0.0581245540494	1	1	1
BMP_receptor_signaling	1	1	1	1	0.0709403278252	1	0.0190058584744	1	1	1	0.0539318156966	1	1	1	1	1	1	1	1	1	1	1	0.017617390859	1	1	0.0822362029942	1	1	1	1	1	1	1	1	1	1	1
Beta1_integrin_cell_surface_interactions	1	1	1	0.0109549159865	1	1	1	1	0.0282714866282	0.0151782772869	1	1	1	1	1	1	1	1	1	0.0869880055595	1	1	0.0819765087161	1	0.0650029623364	1	0.0720928197437	1	1	1	1	1	1	0.0194407045329	1	0.0415974652714	1
Beta2_integrin_cell_surface_interactions	1	1	1	1	1	1	1	1	1	1	1	1	1	1	1	1	1	1	1	1	1	1	1	1	1	0.0886043518264	0.0162537741674	1	1	1	1	1	1	1	1	1	1
Beta3_integrin_cell_surface_interactions	1	1	1	1	1	1	1	1	1	1	1	1	1	1	0.0272051452436	1	1	1	1	1	1	1	1	1	1	1	1	1	1	1	1	1	1	1	1	1	1
Biological_oxidations	1	1	1	1	1	0.0186477034294	1	1	1	1	1	1	0.000476350827583	1	1	1	1	0.00770823591761	1	1	1	1	1	0.0028325993235	1	1	1	1	1	1	1	1	0.0376787793179	1	1	1	1
C-MYB_transcription_factor_network	1	1	1	1	1	1	1	1	0.0171134787046	1	1	1	1	0.0970606050293	1	1	1	1	1	1	1	1	1	1	1	1	1	1	1	1	1	1	1	1	0.0541895399454	1	1
C-MYC_pathway	1	1	1	1	1	1	1	1	0.00585473303266	0.0953460153966	1	1	1	1	1	1	1	1	1	1	0.0273768478011	1	0.00116190034941	1	1	1	1	1	1	1	1	0.0402405325824	1	1	0.00494501585745	1	1
CD28_co-stimulation	1	1	1	1	1	1	1	1	1	1	1	1	1	1	1	1	1	1	1	1	1	1	1	1	1	1	0.0294565889521	1	1	1	1	1	1	0.00255590893338	1	1	1
CD40/CD40L_signaling	1	1	1	0.0529221241341	1	1	1	1	1	0.0648871612969	1	1	1	1	1	1	1	1	1	1	1	1	1	1	1	1	1	1	1	1	1	1	1	1	1	1	1
CDC42_signaling_events	1	1	1	0.0139173630344	1	1	1	1	1	1	1	1	1	1	1	1	1	1	1	1	1	1	0.0587407988634	1	1	1	0.0726356353775	1	1	1	1	1	1	0.0425898208652	1	1	1
CDK-mediated_phosphorylation_and_removal_of_Cdc6	1	1	1	1	1	1	1	1	1	0.0852379770911	1	1	1	1	1	1	1	1	1	1	1	1	1	1	1	1	1	1	0.024944169955	1	1	1	1	1	1	1	1
CDT1_association_with_the_CDC6	1	1	1	1	1	1	1	1	1	1	1	1	1	1	1	1	1	1	1	1	1	1	1	1	1	1	1	1	0.0328881973255	1	1	1	1	1	1	1	1
CXCR4-mediated_signaling_events	1	1	1	1	0.042996543804	0.0857109609573	1	0.018730940074	1	1	1	1	1	1	1	1	1	1	1	1	1	1	0.0398512508788	1	1	1	0.0690566812335	1	1	1	1	1	1	1	1	1	0.0311597839948
Calcineurin-regulated_NFAT-dependent_transcription_in_lymphocytes	1	1	1	1	1	1	1	1	1	1	1	1	1	0.0210048681776	0.0371993308729	1	1	1	1	1	1	1	1	1	1	1	0.0670703645975	1	0.0105598958079	1	1	1	1	1	1	1	1
Calcium_signaling_in_the_CD4+_TCR_pathway	1	1	1	1	1	1	1	1	1	1	1	1	1	0.0161791808843	1	1	1	1	1	1	1	1	0.016791606784	1	1	1	1	1	0.0226247002913	1	1	1	1	1	1	1	1
Canonical_NF-kappaB_pathway	1	1	1	1	1	1	1	1	1	0.0305938307235	1	1	1	1	1	1	1	1	1	1	1	1	1	1	1	1	0.0305924956784	1	1	1	1	1	1	1	1	1	1
Caspase_cascade_in_apoptosis	1	1	1	0.0409727848245	1	1	1	1	1	1	1	1	1	1	1	1	1	1	1	1	1	1	1	1	1	1	1	1	0.00114920395601	1	1	1	1	1	1	1	1
Cdc20	1	1	1	1	1	1	1	1	1	0.0924065581357	1	1	1	1	1	1	1	1	1	1	1	1	1	1	1	1	1	1	0.0282041692064	1	1	1	1	1	1	1	1
Cell_Cycle,_Mitotic	1	1	1	1	1	1	1	1	1	1	1	1	1	1	1	1	1	1	1	1	1	1	1	1	1	1	1	1	1	1	1	1	1	1	0.0559209714369	1	1
Cell_Cycle_Checkpoints	1	1	1	1	1	1	1	1	1	1	1	1	1	1	1	1	1	1	1	1	1	1	1	1	1	1	1	1	0.0223761840472	1	1	1	1	1	1	1	1
Cell_surface_interactions_at_the_vascular_wall	1	1	1	1	1	1	1	1	1	1	1	0.00262801756445	1	1	1	1	1	1	1	1	1	1	1	1	1	1	1	1	1	1	1	1	1	0.0378251374011	1	1	1
Cellular_roles_of_Anthrax_toxin	1	1	1	1	1	1	1	1	1	1	1	1	1	0.0476722649948	0.00447904056101	1	1	1	1	1	1	1	1	1	1	1	0.0917878972424	1	0.00988994087339	1	1	1	1	1	1	1	1
Centrosome_maturation	1	1	1	1	1	1	1	1	1	1	1	1	1	1	0.075773782327	1	1	1	1	1	1	1	1	1	1	1	1	1	1	1	1	1	1	1	0.00454846498959	1	1
Ceramide_signaling_pathway	1	1	1	0.0442688302018	1	1	1	1	1	0.0544246744949	1	1	1	1	1	1	1	1	1	1	1	1	1	1	1	1	1	1	0.0859328442306	1	1	1	1	1	1	1	1
Chemokine_receptors_bind_chemokines	1	1	1	1	1	1	1	1	1	0.00764212592709	1	1	1	1	1	1	1	1	1	1	1	1	1	1	1	1	0.0189370744651	1	1	1	1	1	1	0.0231435035204	1	1	1
Cholesterol_biosynthesis	1	1	1	1	1	1	1	1	1	1	0.000506740253138	1	1	1	1	1	1	1	1	1	1	1	1	1	1	1	1	1	1	1	1	1	1	1	1	1	1
Class_A/1_(Rhodopsin-like_receptors)	1	1	1	1	0.0142632950062	1	1	1	1	0.0500233020284	1	1	1	1	1	1	1	1	1	1	1	0.0202222074217	1	1	1	1	0.0282812857533	1	1	1	1	1	1	1	1	1	1
Class_I_MHC_mediated_antigen_processing_&_presentation	1	1	1	1	1	1	1	1	1	1	1	1	1	1	1	1	1	1	1	1	1	1	1	1	1	1	1	1	0.0406304565898	1	1	1	1	1	1	1	1
Class_I_PI3K_signaling_events	1	1	1	0.00667445448315	1	1	1	1	1	0.0221850798193	1	1	1	1	1	1	1	1	1	0.0719028647512	1	1	1	1	0.0507326730599	1	1	1	1	1	1	1	1	0.0200317709077	1	1	1
Class_I_PI3K_signaling_events_mediated_by_Akt	1	1	1	0.00667445448315	1	1	1	1	1	0.0221850798193	1	1	1	1	1	1	1	1	1	0.0719028647512	1	1	1	1	0.0507326730599	1	1	1	1	1	1	1	1	0.0200317709077	1	1	1
Classical_antibody-mediated_complement_activation	1	1	1	1	1	1	1	1	1	1	1	1	1	0.00782187300739	1	1	1	1	1	1	1	1	1	1	1	1	0.00073544555095	1	1	1	1	1	1	1	1	1	1
Complement_cascade	1	1	1	1	1	1	1	1	1	1	1	1	1	0.000874762727096	1	1	1	1	1	1	1	1	1	1	1	1	0.00346088293306	1	1	1	1	1	1	1	0.00406828196787	1	1
Costimulation_by_the_CD28_family	1	1	1	1	1	1	1	1	1	1	1	1	1	1	1	1	1	1	1	1	1	1	1	1	1	1	0.0885683327021	1	1	1	1	1	1	0.00902702184638	1	1	1
Creation_of_C4_and_C2_activators	1	1	1	1	1	1	1	1	1	1	1	1	1	0.0141554441423	1	1	1	1	1	1	1	1	1	1	1	1	0.00195701794066	1	1	1	1	1	1	1	1	1	1
Cross-presentation_of_soluble_exogenous_antigens_(endosomes)	1	1	1	1	1	1	1	1	1	0.0805604760379	1	1	1	1	1	1	1	1	1	1	1	1	1	1	1	1	1	1	0.022891703233	1	1	1	1	1	1	1	1
Cyclin_A	1	1	1	1	1	1	1	1	1	1	1	1	1	1	1	1	1	1	1	1	1	1	1	1	1	1	1	1	0.0102322675488	1	1	1	1	1	1	1	1
Cyclin_E_associated_events_during_G1/S_transition	1	1	1	1	1	1	1	1	1	1	1	1	1	1	1	1	1	1	1	1	1	1	1	1	1	1	1	1	0.00657345087596	1	1	1	1	1	1	1	1
Cytochrome_P450_-_arranged_by_substrate_type	1	1	1	1	1	1	1	1	1	1	1	1	0.0199814471491	1	1	1	1	1	1	1	1	1	1	0.0121432524807	1	1	1	1	1	1	1	1	1	1	1	1	1
Cytokine_Signaling_in_Immune_system	1.82798454151e-09	0.0146473452097	1	7.43280027526e-07	0.0176744654933	1	1	1	1	0.000216208963178	1	0.0212862985796	1	0.000295095694647	0.0406786850604	1	1	1	0.0433368401521	1	1	1	1	1	1	1	8.09352584952e-14	1	0.000920133156566	1	1	1	1	3.50364169899e-08	1	1	1
DNA_Repair	1	1	1	1	1	1	1	1	1	1	1	1	1	1	1	1	1	1	1	1	1	1	0.0493013451872	1	1	1	1	1	1	0.0608821154957	1	1	1	1	1	1	1
DNA_Replication_Pre-Initiation	1	1	1	1	1	1	1	1	1	1	1	1	1	1	1	1	1	1	1	1	1	1	1	1	1	1	1	1	0.0636240032964	1	1	1	1	1	1	1	1
Death_Receptor_Signalling	1	1	1	1	1	1	1	1	1	1	1	1	1	1	1	1	1	1	1	1	1	1	1	1	1	1	1	1	1	1	1	1	1	0.0137614376145	1	1	1
Degradation_of_beta-catenin_by_the_destruction_complex	1	1	1	1	1	1	1	1	1	0.0924065581357	1	1	1	1	1	1	1	1	1	1	1	1	1	1	1	1	1	1	0.0282041692064	1	1	1	1	1	1	1	1
Destabilization_of_mRNA_by_AUF1_(hnRNP_D0)	1	1	1	1	1	1	1	1	1	0.0899973155217	1	1	1	1	1	1	1	1	1	1	1	1	1	1	1	1	1	1	0.0270933509347	1	1	1	1	1	1	1	1
Developmental_Biology	1	1	1	1	1	0.0993235392757	1	1	1	1	1	1	1	1	1	1	1	1	1	1	1	1	1	1	1	1	1	1	1	1	1	1	1	1	1	1	1
Diabetes_pathways	1	1	1	1	1	1	1	1	1	1	1	1	1	1	1	1	1	1	1	1	1	1	1	1	1	1	1	1	0.0333642233693	1	1	1	1	1	1	1	1
Direct_p53_effectors	1	1	1	1	1	1	1	1	1	1	1	1	1	0.0257062050431	1	1	1	1	1	1	1	1	1	1	0.0573147322135	1	1	1	0.0014326074193	1	1	1	0.0794009656768	1	1	1	1
Downstream_TCR_signaling	1	1	1	1	1	1	1	1	1	1	1	1	1	1	1	1	1	1	1	1	1	1	1	1	1	1	0.0579069387554	1	1	1	1	1	1	1	1	1	1
Downstream_signaling_in_na&#xef;ve_CD8+_T_cells	1	1	1	0.0346817159795	0.0537810833062	1	1	1	1	0.042777874568	1	1	1	0.000401697488959	1	1	1	1	1	1	1	1	1	1	1	1	1	1	0.068146395111	1	1	1	1	1	1	1	1
Dual_incision_reaction_in_GG-NER	1	1	1	1	1	1	1	1	1	1	1	1	1	1	1	1	1	1	1	1	1	1	0.0128201778882	1	1	1	1	1	1	1	1	1	1	1	1	1	1
EGFR-dependent_Endothelin_signaling_events	1	1	1	0.00673219504074	1	1	1	1	1	0.0223557949864	1	1	1	1	1	1	1	1	1	0.0721396729312	1	1	1	1	0.0509509041437	1	1	1	1	1	1	1	1	0.0202390112872	1	1	1
EGFR1	1	1	1	0.0140546192875	1	1	1	1	1	1	1	1	1	1	1	1	1	1	1	1	1	1	1	1	1	1	1	1	1	1	1	1	1	1	1	1	1
EGF_receptor_(ErbB1)_signaling_pathway	1	1	1	0.00667445448315	1	1	1	1	1	0.0221850798193	1	1	1	1	1	1	1	1	1	0.0719028647512	1	1	1	1	0.0507326730599	1	1	1	1	1	1	1	1	0.0200317709077	1	1	1
EPO_signaling_pathway	1	1	1	0.019649844336	1	1	1	1	1	1	1	1	1	1	1	1	1	1	1	1	1	1	1	1	1	1	0.0885683327021	1	1	1	1	1	1	0.0698213563794	1	1	1
ER-Phagosome_pathway	1	1	1	1	1	1	1	1	1	0.0997473541062	1	1	1	1	1	1	1	1	1	1	1	1	1	1	1	1	1	1	0.0316811638145	1	1	1	1	1	1	1	1
Elongation_arrest_and_recovery	1	1	1	1	1	1	1	0.0216151581564	1	1	1	1	1	1	1	1	1	1	1	1	1	1	1	1	1	1	1	1	1	1	1	1	1	1	1	1	1
Endogenous_TLR_signaling	1	1	1	1	0.0133135289813	1	1	1	0.0100354889637	0.0714656642549	1	1	0.00211320549749	0.0425507306087	0.000511002419242	1	1	1	0.0116189906444	1	1	1	1	1	1	1	0.00277053306579	1	1	1	1	1	1	1	1	1	1
Endogenous_sterols	1	1	1	1	1	1	1	1	1	1	1	1	0.00212488374419	1	1	1	1	1	1	1	1	1	1	1	1	1	1	1	1	1	1	1	1	1	1	1	1
Endothelins	1	1	1	0.00714813138678	1	1	1	1	1	0.0235799348012	1	1	1	1	1	1	1	1	1	0.0738111125353	1	1	1	1	0.0524967683128	1	1	1	1	1	1	1	1	0.0217385656397	1	1	1
ErbB1_downstream_signaling	1	1	1	0.00667445448315	1	1	1	1	1	0.0221850798193	1	1	1	1	1	1	1	1	1	0.0719028647512	1	1	1	1	0.0507326730599	1	1	1	1	1	1	1	1	0.0200317709077	1	1	1
ErbB_receptor_signaling_network	1	1	1	0.00797725651334	1	1	1	1	1	0.0259923251414	1	1	1	1	1	1	1	1	1	0.0769793804493	1	1	1	1	0.0554530827369	1	1	1	1	1	1	1	1	0.0247594491431	1	1	1
Extrinsic_Pathway_for_Apoptosis	1	1	1	1	1	1	1	1	1	1	1	1	1	1	1	1	1	1	1	1	1	1	1	1	1	1	1	1	1	1	1	1	1	0.0137614376145	1	1	1
FAS_(CD95)_signaling_pathway	1	1	1	1	1	1	1	1	1	0.0689512047527	1	1	1	1	1	1	1	1	1	1	1	1	1	1	1	1	1	1	0.0342512544535	1	1	1	1	1	1	1	1
FGF_signaling_pathway	1	1	1	0.0377759823634	1	1	1	1	1	1	1	1	1	1	0.00315918023173	1	1	1	1	1	1	1	1	1	1	1	1	1	1	1	1	1	1	1	1	1	1
FOXA2_and_FOXA3_transcription_factor_networks	1	1	1	1	1	1	1	1	1	1	1	1	1	1	1	1	1	1	1	1	1	1	1	1	1	1	1	1	1	1	1	1	1	0.0992257288324	1	1	1
FOXA_transcription_factor_networks	1	1	1	1	1	1	1	1	1	1	1	1	1	1	1	1	1	1	1	1	1	1	1	1	1	1	1	1	1	1	1	1	1	0.0723242542573	1	1	1
FOXM1_transcription_factor_network	1	1	1	1	1	1	1	1	1	1	1	1	1	1	1	1	1	1	1	1	1	1	0.0369774711412	1	1	1	1	1	1	1	1	1	1	1	1	1	1
Fatty_Acyl-CoA_Biosynthesis	1	1	1	1	1	1	1	1	1	1	1	1	1	1	1	1	1	1	1	1	1	1	1	1	1	0.0338652609185	1	1	1	1	1	1	1	1	1	1	1
Fatty_acid,_triacylglycerol,_and_ketone_body_metabolism	1	1	1	1	1	1	1	1	1	1	1	1	1	1	1	0.0757562019338	1	1	1	1	1	1	1	1	1	0.0571414975199	1	1	1	0.0194331621257	1	1	1	1	1	1	1
Fc-epsilon_receptor_I_signaling_in_mast_cells	1	1	1	1	1	1	1	1	1	1	1	1	1	1	1	1	0.0805604760379	1	1	1	1	1	1	1	1	1	1	1	1	1	1	1	1	1	1	1	1
Formation_of_HIV-1_elongation_complex_containing_HIV-1_Tat	1	1	1	1	1	1	1	0.0434522347515	1	1	1	1	1	1	1	1	1	1	1	1	1	1	1	1	1	1	1	1	1	1	1	1	1	1	1	1	1
Formation_of_HIV-1_elongation_complex_in_the_absence_of_HIV-1_Tat	1	1	1	1	1	1	1	0.0459530583028	1	1	1	1	1	1	1	1	1	1	1	1	1	1	1	1	1	1	1	1	1	1	1	1	1	1	1	1	1
Formation_of_RNA_Pol_II_elongation_complex	1	1	1	1	1	1	1	0.0459530583028	1	1	1	1	1	1	1	1	1	1	1	1	1	1	1	1	1	1	1	1	1	1	1	1	1	1	1	1	1
Formation_of_incision_complex_in_GG-NER	1	1	1	1	1	1	1	1	1	1	1	1	1	1	1	1	1	1	1	1	1	1	0.0128201778882	1	1	1	1	1	1	1	1	1	1	1	1	1	1
G1/S_DNA_Damage_Checkpoints	1	1	1	1	1	1	1	1	1	1	1	1	1	0.0829576781169	1	1	1	1	1	1	1	1	1	1	1	1	1	1	0.00539671655458	1	1	1	1	1	1	1	1
G1/S_Transition	1	1	1	1	1	1	1	1	1	1	1	1	1	1	1	1	1	1	1	1	1	1	1	1	1	1	1	1	0.0210205207396	1	1	1	1	1	1	1	1
G2/M_Transition	1	1	1	1	1	1	1	1	1	1	1	1	1	1	1	1	1	1	1	1	1	1	1	1	1	1	1	1	1	1	1	1	1	1	0.0109660349074	1	1
GMCSF-mediated_signaling_events	1	1	1	0.00696733169992	1	1	1	1	1	0.0230490196478	1	1	1	1	1	1	1	1	1	0.073091825906	1	1	1	1	0.0518303372236	1	0.0999397714793	1	1	1	1	1	1	0.0210853275772	1	1	1
GPCR_ligand_binding	1	1	1	1	0.0315499898562	1	1	1	1	0.089155019024	1	1	1	1	0.0630284643741	1	1	1	1	1	1	0.0317993240305	1	1	1	1	0.0912437253749	1	1	1	1	1	1	1	1	1	1
Generation_of_second_messenger_molecules	1	1	1	1	1	1	1	1	1	1	1	1	1	1	1	1	1	1	1	1	1	1	1	1	1	0.0234275155243	1	1	1	1	1	1	1	1	1	1	1
Global_Genomic_NER_(GG-NER)	1	1	1	1	1	1	1	1	1	1	1	1	1	1	1	1	1	1	1	1	1	1	0.0331740815973	1	1	1	1	1	1	1	1	1	1	1	1	1	1
Glucocorticoid_receptor_regulatory_network	0.0107017567111	1	1	0.0820098007579	1	1	1	1	1	1	1	1	1	1	1	1	1	1	1	1	1	1	1	1	1	1	0.0827816325699	1	0.0316811638145	1	1	1	1	0.0148382156212	0.0465552167483	1	1
Glucocorticoid_receptor_signaling	0.0115820676032	1	1	0.0861986100221	1	1	1	1	1	1	1	1	1	1	1	1	1	1	1	1	1	1	1	1	1	1	0.0911251731173	1	0.0341191591472	1	1	1	1	0.0163613327146	0.0490518886448	1	1
Glypican_1_network	1	1	1	0.00733281216067	1	1	1	1	1	0.0241203984225	1	1	1	1	1	1	1	1	1	0.0745348381125	1	1	1	1	0.0531690996484	1	1	1	1	1	1	1	1	0.0224079609128	1	1	1
Glypican_3_network	1	1	1	1	1	1	1	1	1	1	1	1	1	1	1	1	1	1	1	1	1	1	1	1	1	1	1	1	1	0.039728809624	1	1	1	1	1	1	1
Glypican_pathway	1	1	1	0.010197644909	1	1	1	1	1	0.0322930170637	1	1	1	1	1	1	1	1	1	0.0846109664528	1	1	0.0776030770468	1	0.0627071400062	1	1	1	1	1	1	1	1	0.0177301578065	1	1	1
Golgi_Cisternae_Pericentriolar_Stack_Reorganization	1	1	1	1	1	1	1	1	1	1	1	1	1	1	0.0606276822492	1	1	1	1	1	1	1	1	1	1	1	1	1	1	1	1	1	1	1	0.00317055876024	1	1
Growth_hormone_receptor_signaling	1	1	1	1	1	1	1	1	1	1	1	1	1	1	1	1	1	1	1	1	1	1	1	1	1	1	0.016034028441	1	1	1	1	1	1	0.00282003501231	1	1	1
HIF-1-alpha_transcription_factor_network	1	1	1	1	1	1	1	1	1	0.0805604760379	1	1	0.0315404445032	1	1	1	0.0113527181271	1	1	1	1	1	0.0960646352231	1	1	1	1	1	1	1	1	1	1	1	1	1	1
HIF-2-alpha_transcription_factor_network	1	1	1	1	1	1	1	0.0362759744784	1	1	0.0447800282832	1	0.00789634526122	1	1	1	1	1	1	1	1	1	1	1	1	1	1	1	1	1	1	1	1	1	1	1	1
HIV-1_Nef	1	1	1	0.0247084189071	1	1	1	1	1	1	1	1	1	1	1	1	1	1	1	1	1	1	1	1	1	1	1	1	0.0492499440896	1	1	1	1	0.08623316069	1	1	1
HIV-1_Transcription_Elongation	1	1	1	1	1	1	1	0.0434522347515	1	1	1	1	1	1	1	1	1	1	1	1	1	1	1	1	1	1	1	1	1	1	1	1	1	1	1	1	1
HIV-1_elongation_arrest_and_recovery	1	1	1	1	1	1	1	0.0216151581564	1	1	1	1	1	1	1	1	1	1	1	1	1	1	1	1	1	1	1	1	1	1	1	1	1	1	1	1	1
HIV_Life_Cycle	1	1	1	1	1	1	1	0.0633580445728	1	1	1	1	1	1	1	1	1	1	1	1	1	1	1	1	1	1	1	1	1	1	1	1	1	1	1	1	1
Hemostasis	1	1	1	1	1	1	1	1	1	1	1	0.0753705605323	1	1	1	1	1	1	1	1	1	1	1	1	1	1	1	1	1	1	1	1	1	1	1	1	1
Host_Interactions_of_HIV_factors	1	1	1	1	1	1	1	0.0328965006039	1	0.0636189335541	1	1	1	0.0577515581404	1	1	1	1	1	1	1	1	1	1	1	1	1	1	1	1	1	1	1	1	1	1	1
Hypoxic_and_oxygen_homeostasis_regulation_of_HIF-1-alpha	1	1	1	1	1	0.0883174182869	1	1	1	1	1	1	0.00416312037587	1	1	1	0.0178717699956	1	1	1	1	1	1	1	1	1	1	1	1	1	1	1	0.0295576512125	1	0.00535447294784	1	1
ID	1	1	1	1	1	1	1	1	1	1	1	1	1	1	1	1	1	1	1	1	1	1	1	1	1	1	1	1	0.00862725007513	0.00152420816719	1	1	1	1	0.00219905763558	1	1
IFN-gamma_pathway	1	1	1	0.00708743668634	1	1	1	1	1	0.0234019076049	1	1	1	1	1	1	1	1	1	0.073570857371	1	1	1	1	0.0156203029084	1	0.0737569191838	1	1	1	1	1	1	0.0110401704906	1	1	1
IGF1_pathway	1	1	1	0.00679035076081	1	1	1	1	1	0.0225275424632	1	1	1	1	1	1	1	1	1	0.0723769729284	1	1	1	1	0.0511697853045	1	1	1	1	1	1	1	1	0.020447977221	1	1	1
IL1-mediated_signaling_events	1	1	1	1	0.0271333827548	1	0.0224210192646	1	1	1	0.0728394776822	1	1	0.0369819859095	0.039934072883	1	1	1	1	1	1	1	0.0246966068913	1	1	1	0.0643949002961	1	1	1	1	1	1	1	1	1	1
IL12-mediated_signaling_events	0.0329664069673	1	1	1	0.000281989221075	1	1	1	1	0.00120582678768	1	0.00201494734535	1	2.78790791564e-05	0.0329664069673	1	1	1	0.00322552077646	1	1	1	1	1	1	1	3.41037358242e-07	1	1	1	1	1	1	8.82291627912e-05	1	1	0.0158325900974
IL12_signaling_mediated_by_STAT4	0.0132312283778	1	1	1	0.00150385153677	1	1	1	1	1	1	0.00819513985255	1	0.000299745790357	1	1	1	1	1	1	1	1	1	1	1	1	0.011077230679	1	1	1	1	1	1	1	1	1	0.00103847208951
IL2-mediated_signaling_events	1	1	1	1	1	1	1	1	1	0.0380587690766	1	1	1	1	1	1	1	1	1	1	1	1	1	1	1	1	1	1	1	1	1	1	1	1	1	1	1
IL23-mediated_signaling_events	1	1	1	0.0107405290914	1	1	1	1	1	0.00166545052464	1	1	1	0.069958917197	0.0738186491135	1	1	1	0.015910533013	1	1	1	1	1	1	1	0.000364573450597	1	1	1	1	1	1	0.0650427511332	1	1	1
IL27-mediated_signaling_events	1	1	1	0.0140371937641	1	1	1	1	1	0.0174677266088	1	1	1	0.00296998966575	1	1	1	1	0.00258065273727	1	1	1	1	1	1	1	0.000193723222089	1	1	1	1	1	1	0.00042341079093	1	1	1
IL2_signaling_events_mediated_by_PI3K	1	1	1	1	1	1	1	1	1	0.0876076411145	1	1	1	1	1	1	1	1	1	1	1	1	1	1	1	1	0.0638073608994	1	1	1	1	1	1	1	1	1	1
IL3-mediated_signaling_events	1	1	1	0.00727081680001	1	1	1	1	1	0.0239391761167	1	1	1	1	1	1	1	1	1	0.0742931027179	1	1	1	1	0.0529443323287	1	1	1	1	1	1	1	1	0.0114170711597	1	1	1
IL5-mediated_signaling_events	1	1	1	0.00690791680418	1	1	1	1	1	0.022874150704	1	1	1	1	1	1	1	1	1	0.0728530492114	1	1	1	1	0.0516095010511	1	1	1	1	1	1	1	1	0.0208711254297	1	1	1
IL6-mediated_signaling_events	0.0285551005548	1	1	0.0302399439259	1	1	1	1	1	0.0373605950017	1	1	1	0.00205415374863	1	1	0.0373605950017	1	1	1	1	0.00290622754039	1	1	1	1	0.0100258642801	1	1	1	1	1	1	0.0169480690204	1	1	1
Immune_System	2.22595502419e-06	1	1	0.000130965650888	0.00420386893096	0.0391747412956	1	1	0.0744659233239	1.9743666051e-06	1	0.0105816073836	1	4.98398317061e-08	0.0342077942452	1	0.0218640558782	1	0.0895159743134	0.0371410765631	1	1	1	1	0.0247184844764	1	4.67192950993e-12	1	0.000218668991979	1	1	1	1	5.74941436682e-08	1	1	0.0275555869797
Inflammasomes	1	1	1	1	1	1	1	1	1	1	0.0128531054345	1	1	0.0476722649948	1	1	1	1	1	1	1	1	1	1	1	1	0.0917878972424	1	0.00988994087339	1	1	1	1	1	1	1	1
Initial_triggering_of_complement	1	1	1	1	1	1	1	1	1	1	1	1	1	0.000126987884791	1	1	1	1	1	1	1	1	1	1	1	1	0.000533402425157	1	1	1	1	1	1	1	0.00160492056296	1	1
Innate_Immune_System	0.0482413018685	1	1	1	1	1	1	1	0.0427498891021	0.0144206442916	1	1	1	0.000113888146358	0.0482413018685	1	0.0144206442916	1	1	0.0259343782825	1	1	1	1	1	1	1.29110397368e-05	1	1	1	1	1	0.0771741337154	1	0.0228251891628	1	1
Insulin_Pathway	1	1	1	0.00667445448315	1	1	1	1	1	0.0221850798193	1	1	1	1	1	1	1	1	1	0.0719028647512	1	1	1	1	0.0507326730599	1	1	1	1	1	1	1	1	0.0200317709077	1	1	1
Integrin-linked_kinase_signaling	1	1	1	0.00494941467563	1	1	1	1	1	1	1	1	1	0.0846271910708	0.0908200166119	1	0.0775964423162	1	1	1	1	1	0.0241988340897	1	1	1	0.0358065678736	1	1	1	1	1	1	0.0568854037604	1	1	1
Integrin_family_cell_surface_interactions	1	1	1	0.0137140767851	1	1	1	1	0.0320607900169	0.0190296882377	1	0.0961221167699	1	0.0891142917512	1	1	1	1	1	0.0949236132262	1	1	0.0514508668209	1	0.0727840132811	1	0.0358491498485	1	1	1	1	1	1	0.0258813171115	1	0.0451829357415	1
Integrins_in_angiogenesis	1	1	1	1	1	1	1	1	1	1	1	1	1	1	1	1	1	1	1	1	1	1	1	1	1	1	1	1	1	1	1	1	1	0.051581020323	1	1	1
Interferon_Signaling	2.73847944321e-10	1	0.0316763968321	1.3833269974e-08	0.0584360173969	1	1	1	1	8.95938365053e-07	1	0.00153350652905	1	6.3902329025e-05	1	1	0.0465435669848	1	1	1	1	1	1	1	1	1	0.0	1	0.000970436457719	1	1	1	1	1.18163711926e-07	1	1	1
Interferon_alpha/beta_signaling	1.29342514477e-09	1	1	2.59283270287e-06	1	1	1	1	1	4.66781999953e-06	1	0.013014237692	1	0.000100851234446	1	1	1	1	1	1	1	1	1	1	1	1	1.82250881053e-11	1	0.000317678694246	1	1	1	1	2.52592993966e-07	1	1	1
Interferon_gamma_signaling	1	1	1	0.00356664623423	0.00573482080396	1	1	1	1	1	1	1	1	1	1	1	0.00447079510953	1	1	1	1	1	1	1	1	1	0.000749988297234	1	1	1	1	1	1	1	1	1	1
Interleukin-1_signaling	1	1	1	1	1	1	1	1	1	1	1	1	1	1	0.0163202782418	1	1	1	1	1	1	1	1	1	1	1	0.0756029347835	1	1	1	1	1	1	0.0620548812573	1	1	1
Interleukin-3,_5_and_GM-CSF_signaling	1	0.000578023188268	1	1	1	1	1	1	1	1	1	1	1	1	1	1	1	1	1	1	1	1	1	1	1	1	1	1	1	1	1	1	1	1	1	1	1
Internalization_of_ErbB1	1	1	1	0.00667445448315	1	1	1	1	1	0.0221850798193	1	1	1	1	1	1	1	1	1	0.0719028647512	1	1	1	1	0.0507326730599	1	1	1	1	1	1	1	1	0.0200317709077	1	1	1
Intrinsic_Pathway_for_Apoptosis	1	1	1	1	1	1	1	1	1	1	1	1	1	1	1	1	1	1	1	1	1	1	1	1	1	1	1	1	0.00336308549525	1	1	1	1	1	1	1	1
JNK_signaling_in_the_CD4+_TCR_pathway	1	1	1	1	1	1	1	1	1	1	1	1	1	0.0420645838092	1	1	1	1	1	1	1	1	0.0331740815973	1	1	1	1	1	0.0442688302017	1	1	1	1	1	1	1	1
KitReceptor	1	1	1	1	1	1	1	1	1	1	1	1	1	1	1	1	1	1	1	1	1	1	1	1	1	1	1	1	1	1	1	1	1	0.0378251374011	1	1	1
L1CAM_interactions	1	1	1	1	1	1	1	1	1	1	0.0970813363238	1	1	1	1	0.0608146864825	1	1	1	1	1	1	1	1	1	1	1	1	1	1	1	1	1	1	1	1	1
LKB1_signaling_events	1	1	1	0.0077791813842	1	1	1	1	1	0.0254192343593	1	1	1	1	1	1	1	1	1	0.0762408221736	1	1	1	1	0.0547609347442	1	1	1	1	1	1	1	1	0.0240342379434	1	1	1
Late_Phase_of_HIV_Life_Cycle	1	1	1	1	1	1	1	0.0486993238711	1	1	1	1	1	1	1	1	1	1	1	1	1	1	1	1	1	1	1	1	1	1	1	1	1	1	1	1	1
Leukotriene_synthesis	1	1	1	1	1	1	1	1	1	1	1	1	1	1	1	0.0027076222283	0.00210486424161	1	1	1	1	1	1	1	1	1	1	1	1	1	1	1	1	1	1	1	1
Lipid_digestion,_mobilization,_and_transport	1	1	1	1	1	1	1	1	1	1	0.0627832431171	1	1	1	1	1	1	1	1	1	1	1	1	1	1	1	1	1	1	1	1	1	1	1	1	1	1
Loss_of_Nlp_from_mitotic_centrosomes	1	1	1	1	1	1	1	1	1	1	1	1	1	1	0.058817788687	1	1	1	1	1	1	1	1	1	1	1	1	1	1	1	1	1	1	1	0.00301945331535	1	1
Loss_of_proteins_required_for_interphase_microtubule_organizationÂ from_the_centrosome	1	1	1	1	1	1	1	1	1	1	1	1	1	1	0.058817788687	1	1	1	1	1	1	1	1	1	1	1	1	1	1	1	1	1	1	1	0.00301945331535	1	1
M/G1_Transition	1	1	1	1	1	1	1	1	1	1	1	1	1	1	1	1	1	1	1	1	1	1	1	1	1	1	1	1	0.0636240032964	1	1	1	1	1	1	1	1
M_Phase	1	1	1	1	1	1	1	1	1	1	1	1	1	1	1	1	1	1	1	1	1	1	1	1	1	1	1	1	1	1	1	1	1	1	0.039671261814	1	1
Metabolism	1	1	1	1	1	0.0791461661323	1	0.0709693146507	1	1	1	1	0.00173305375598	1	1	0.0590948178366	1	0.016543280762	1	1	1	1	1	0.000162744463081	1	1	1	0.00545873460014	1	1	1	0.0553224735297	0.0945989940289	1	1	1	1
Metabolism_of_amino_acids_and_derivatives	0.0981105587326	1	1	1	1	1	1	1	1	0.00152514200739	1	0.0541198029242	1	0.0382099380206	1	1	1	1	0.0830842420287	1	1	1	1	1	1	1	0.0234875268701	1	0.083962913338	1	1	1	1	1	1	1	1
Metabolism_of_lipids_and_lipoproteins	1	1	1	1	1	1	1	1	1	1	0.022721383932	1	1	1	1	0.00129397607605	1	1	1	1	1	1	1	0.00409735750417	1	1	1	1	1	0.0448838823106	0.0109770456519	1	1	1	1	1	1
Metabolism_of_nucleotides	1	1	1	1	1	1	1	1	1	1	1	1	0.0259340327326	1	1	1	1	1	1	1	1	1	1	1	1	1	1	1	1	1	1	1	1	1	1	1	1
Metabolism_of_polyamines	1	1	1	1	1	1	1	1	1	1	1	1	1	0.00310202462704	1	1	1	1	0.000633245956304	1	1	1	1	1	1	1	0.00880657149647	1	1	1	1	1	1	1	1	1	1
Metabolism_of_steroid_hormones_and_vitamins_A_and_D	1	1	0.0134811400373	1	1	1	1	1	1	1	1	1	1	1	1	1	1	1	1	1	1	1	1	1	1	1	1	1	1	1	1	1	1	1	1	1	1
Metabolism_of_vitamins_and_cofactors	1	1	1	1	1	1	1	0.0564646176426	1	1	1	1	1	1	1	0.0427778745666	1	0.00164528086244	1	1	1	1	1	1	1	1	1	1	1	1	1	1	1	1	1	1	1
Metabolism_of_water-soluble_vitamins_and_cofactors	1	1	1	1	1	1	1	0.0564646176426	1	1	1	1	1	1	1	0.0427778745666	1	0.00164528086244	1	1	1	1	1	1	1	1	1	1	1	1	1	1	1	1	1	1	1
Methionine_salvage_pathway	1	1	1	1	1	1	1	1	1	1	1	1	1	0.00782187300739	1	1	1	1	1	1	1	1	1	1	1	1	0.016034028441	1	1	1	1	1	1	1	1	1	1
Mitotic_G1-G1/S_phases	1	1	1	1	1	1	1	1	1	1	1	1	1	1	1	1	1	1	1	1	1	1	1	1	1	1	1	1	0.0307856400783	1	1	1	1	1	1	1	1
Mitotic_G2-G2/M_phases	1	1	1	1	1	1	1	1	1	1	1	1	1	1	1	1	1	1	1	1	1	1	1	1	1	1	1	1	1	1	1	1	1	1	0.0112937294423	1	1
Mitotic_Prophase	1	1	1	1	1	1	1	1	1	1	1	1	1	1	0.0606276822492	1	1	1	1	1	1	1	1	1	1	1	1	1	1	1	1	1	1	1	0.00317055876024	1	1
Muscle_contraction	1	1	1	1	1	1	1	1	1	1	1	1	1	1	1	1	1	1	1	1	1	1	1	1	1	1	1	1	0.0141327855444	1	1	1	1	1	1	1	1
N-cadherin_signaling_events	1	1	1	1	1	1	1	1	1	1	1	1	1	1	0.0597172011796	1	1	1	1	1	1	1	1	1	1	1	1	1	1	1	1	1	1	1	1	1	1
NF-kB_is_activated_and_signals_survival	1	1	1	1	1	1	1	1	1	1	1	1	1	1	1	1	1	1	1	1	1	1	1	1	1	1	0.0286087002469	1	1	1	1	1	1	1	1	1	1
Nectin_adhesion_pathway	1	1	1	0.00708743668634	1	1	1	1	1	0.0234019076049	1	1	1	1	1	1	1	1	1	0.073570857371	1	1	1	1	0.0522739700733	1	1	1	1	1	1	1	1	0.0215190377072	1	1	1
Negative_regulators_of_RIG-I/MDA5_signaling	1	1	1	1	1	1	1	1	1	0.00855491291317	1	1	1	0.0663669476137	1	1	1	1	1	1	1	1	1	1	1	1	0.022163208329	1	1	1	1	1	1	1	1	1	1
Noncanonical_Wnt_signaling_pathway	1	1	1	1	1	1	1	1	1	1	1	1	1	1	1	1	1	1	1	1	1	1	1	1	1	1	1	1	1	0.0285199258208	1	1	1	1	1	1	1
Nucleotide-binding_domain,_leucine_rich_repeat_containing_receptor_(NLR)_signaling_pathways	1	1	1	1	1	1	1	1	1	1	0.0535071263581	1	1	1	1	1	1	1	1	1	1	1	1	1	1	1	0.0227352389564	1	0.0418539576583	1	1	1	1	1	1	1	1
Nucleotide_Excision_Repair	1	1	1	1	1	1	1	1	1	1	1	1	1	1	1	1	1	1	1	1	1	1	0.0605849926887	1	1	1	1	1	1	1	1	1	1	1	1	1	1
Orc1_removal_from_chromatin	1	1	1	1	1	1	1	1	1	1	1	1	1	1	1	1	1	1	1	1	1	1	1	1	1	1	1	1	0.0406304565898	1	1	1	1	1	1	1	1
Osteopontin-mediated_events	1	1	1	1	1	1	1	1	1	1	0.0392914704059	1	1	1	1	1	1	1	1	1	1	1	1	1	1	1	0.0635623914506	1	1	1	1	1	1	0.00611360717214	1	1	1
PAR1-mediated_thrombin_signaling_events	1	1	1	0.00733281216067	1	1	1	1	1	0.0241203984225	1	1	1	1	1	1	1	1	1	0.0745348381125	1	1	1	1	0.0531690996484	1	1	1	1	1	1	1	1	0.0224079609128	1	1	1
PDGFR-beta_signaling_pathway	1	1	1	0.00667445448315	1	1	1	1	1	0.0221850798193	1	1	1	1	1	1	1	1	1	0.0719028647512	1	1	1	1	0.0507326730599	1	1	1	1	1	1	1	1	0.0200317709077	1	1	1
PDGF_receptor_signaling_network	1	1	1	0.00702717089634	1	1	1	1	1	0.0232249372539	1	1	1	1	1	1	1	1	1	0.0733310952296	1	1	1	1	0.0520518266394	1	1	1	1	1	1	1	1	0.0213012950163	1	1	1
PERK_regulated_gene_expression	1	1	1	1	1	1	1	1	1	1	1	1	1	1	1	1	1	1	1	1	1	1	1	1	1	1	1	1	1.42678195147e-07	1	1	1	1	1	1	1	1
Pausing_and_recovery_of_HIV-1_elongation	1	1	1	1	1	1	1	0.0216151581564	1	1	1	1	1	1	1	1	1	1	1	1	1	1	1	1	1	1	1	1	1	1	1	1	1	1	1	1	1
Pausing_and_recovery_of_Tat-mediated_HIV-1_elongation	1	1	1	1	1	1	1	0.0197805736112	1	1	1	1	1	1	1	1	1	1	1	1	1	1	1	1	1	1	1	1	1	1	1	1	1	1	1	1	1
Pausing_and_recovery_of_elongation	1	1	1	1	1	1	1	0.0216151581564	1	1	1	1	1	1	1	1	1	1	1	1	1	1	1	1	1	1	1	1	1	1	1	1	1	1	1	1	1
Peptide_ligand-binding_receptors	1	1	1	1	0.0250297174984	1	1	1	1	0.0178717699956	1	1	1	1	0.0837587701993	1	1	1	1	1	1	1	1	1	1	1	0.0339758369261	1	1	1	1	1	1	0.0773743918153	1	1	1
Phase_1_-_Functionalization_of_compounds	1	1	1	1	0.0944875320328	0.0621270859968	1	1	1	1	1	1	0.00233802674525	1	1	1	1	1	1	1	1	1	1	0.00107868672495	1	1	1	1	1	1	1	1	0.0202472996166	1	1	1	1
Plasma_membrane_estrogen_receptor_signaling	1	1	1	0.00714813138678	1	1	1	1	1	0.0235799348012	1	1	1	1	1	1	1	1	1	0.0738111125353	1	1	1	1	0.0524967683128	1	1	1	1	1	1	1	1	0.0217385656397	1	1	1
Presenilin_action_in_Notch_and_Wnt_signaling	1	1	1	1	1	1	1	1	1	1	1	1	1	1	1	1	0.0504273060249	1	1	1	1	1	1	1	1	1	1	1	1	1	1	1	1	1	1	1	1
Prostanoid_metabolism	1	1	1	1	1	1	1	1	1	1	1	1	1	1	1	0.000179386366315	0.00447079510953	1	1	1	1	1	1	0.000941958334045	1	1	1	1	1	1	1	1	1	1	1	1	1
Proteoglycan_syndecan-mediated_signaling_events	1	1	1	0.0110418268555	1	1	1	1	1	0.0346351600732	1	1	1	1	1	1	1	1	1	0.0872546237292	1	1	1	1	0.0652615048961	1	1	1	1	1	1	1	1	0.019638753561	1	1	1
RIG-I/MDA5_mediated_induction_of_IFN-alpha/beta_pathways	1	1	1	1	1	1	1	1	1	0.00248542249564	1	1	1	1	1	1	1	1	1	1	1	1	1	1	1	1	0.00105735377842	1	1	1	1	1	1	0.08623316069	1	1	1
RNA_Polymerase_II_Pre-transcription_Events	1	1	1	1	1	1	1	0.0922110319108	1	1	1	1	1	1	1	1	1	1	1	1	1	1	1	1	1	1	1	1	1	1	1	1	1	1	1	1	1
RNA_Polymerase_II_Transcription_Elongation	1	1	1	1	1	1	1	0.0459530583028	1	1	1	1	1	1	1	1	1	1	1	1	1	1	1	1	1	1	1	1	1	1	1	1	1	1	1	1	1
Ras_signaling_in_the_CD4+_TCR_pathway	1	1	1	1	1	1	1	1	1	1	1	1	1	0.0329295415829	1	1	1	1	1	1	1	1	0.0277831696372	1	1	1	0.0819737965766	1	0.0371819072685	1	1	1	1	1	1	1	1
Recruitment_of_mitotic_centrosome_proteins_and_complexes	1	1	1	1	1	1	1	1	1	1	1	1	1	1	0.075773782327	1	1	1	1	1	1	1	1	1	1	1	1	1	1	1	1	1	1	1	0.00454846498959	1	1
Recycling_pathway_of_L1	1	1	1	1	1	1	1	1	1	1	1	1	1	1	1	0.00763295755613	1	1	1	1	1	1	1	1	1	1	1	1	1	1	1	1	1	1	1	1	1
Regulation_of_APC/C_activators_between_G1/S_and_early_anaphase	1	1	1	1	1	1	1	1	1	1	1	1	1	1	1	1	1	1	1	1	1	1	1	1	1	1	1	1	0.0366526077755	1	1	1	1	1	1	1	1
Regulation_of_Apoptosis	1	1	1	1	1	1	1	1	1	1	1	1	1	1	1	1	1	1	1	1	1	1	1	1	1	1	1	1	0.0341191591472	1	1	1	1	1	1	1	1
Regulation_of_CDC42_activity	1	1	1	0.0158324391292	1	1	1	1	1	1	1	1	1	1	1	1	1	1	1	1	1	1	0.0654561593227	1	1	1	0.0884138443878	1	1	1	1	1	1	0.0492378154957	1	1	1
Regulation_of_DNA_replication	1	1	1	1	1	1	1	1	1	1	1	1	1	1	1	1	1	1	1	1	1	1	1	1	1	1	1	1	0.0433997859057	1	1	1	1	1	1	1	1
Regulation_of_IFNA_signaling	1	1	1	1	1	1	1	1	1	1	1	1	1	1	1	1	1	1	1	1	1	1	1	1	1	1	0.0813258858253	1	1	1	1	1	1	1	1	1	1
Regulation_of_IFNG_signaling	1	1	1	1	1	1	1	1	1	1	1	1	1	1	1	1	1	1	1	1	1	1	1	1	1	1	0.016034028441	1	1	1	1	1	1	1	1	1	1
Regulation_of_activated_PAK-2p34_by_proteasome_mediated_degradation	1	1	1	1	1	1	1	1	1	0.0852379770911	1	1	1	1	1	1	1	1	1	1	1	1	1	1	1	1	1	1	0.024944169955	1	1	1	1	1	1	1	1
Regulation_of_cytoplasmic_and_nuclear_SMAD2/3_signaling	1	1	1	1	1	1	0.0373496147701	1	1	1	1	1	1	1	1	1	1	1	1	1	1	1	0.0665103702146	1	1	1	1	1	1	1	1	1	1	1	1	1	1
Regulation_of_mRNA_Stability_by_Proteins_that_Bind_AU-rich_Elements	1	1	1	1	1	1	1	1	1	1	1	1	1	1	1	1	1	1	1	1	1	1	1	1	0.0352133334757	1	1	1	0.07059254571	1	1	1	1	1	1	1	1
Regulation_of_mitotic_cell_cycle	1	1	1	1	1	1	1	1	1	1	1	1	1	1	1	1	1	1	1	1	1	1	1	1	1	1	1	1	0.0379549490141	1	1	1	1	1	1	1	1
Regulation_of_nuclear_SMAD2/3_signaling	1	1	1	1	1	1	0.0373496147701	1	1	1	1	1	1	1	1	1	1	1	1	1	1	1	0.0665103702146	1	1	1	1	1	1	1	1	1	1	1	1	1	1
Regulation_of_nuclear_beta_catenin_signaling_and_target_gene_transcription	1	1	1	1	1	1	1	1	1	1	1	1	1	1	1	1	1	1	1	1	1	1	1	1	1	1	1	1	1	0.0953545752538	1	1	1	1	1	1	1
Regulation_of_ornithine_decarboxylase_(ODC)	0.0680567988498	1	1	1	1	1	1	1	1	0.0876076411145	1	1	1	1	1	1	1	1	1	1	1	1	1	1	1	1	1	1	0.0260066772531	1	1	1	1	1	1	1	1
Regulation_of_p38-alpha_and_p38-beta	1	1	1	1	1	1	0.0107849196065	0.0467873108598	1	1	0.0663980577563	1	1	0.0889455492298	1	1	1	1	1	1	1	1	0.0264856831001	1	1	1	1	1	1	1	1	1	1	1	1	1	1
Removal_of_licensing_factors_from_origins	1	1	1	1	1	1	1	1	1	1	1	1	1	1	1	1	1	1	1	1	1	1	1	1	1	1	1	1	0.0433997859057	1	1	1	1	1	1	1	1
Respiratory_electron_transport	1	1	1	1	1	1	1	0.0442361877968	1	1	1	1	1	1	1	0.029856075755	1	1	1	1	0.00866361160612	1	0.00409269529882	0.000129072484495	1	0.0414603612999	1	1.5917232854e-07	1	1	1	0.000614252029337	1	1	0.0568282217572	1	1
Respiratory_electron_transport,_ATP_synthesis_by_chemiosmotic_coupling,_and_heat_production_by_uncoupling_proteins.	1	1	1	1	1	1	1	0.0686536322544	1	1	1	1	1	1	1	0.00845107331171	1	1	1	1	0.0122632119283	1	0.00775930863709	1.26655653714e-05	1	0.0713413426527	1	1.36225973835e-08	1	1	1	0.00104115444507	1	1	0.0779798910677	1	1
Role_of_Calcineurin-dependent_NFAT_signaling_in_lymphocytes	1	1	1	1	0.0308765967102	1	1	1	1	1	0.0121578056397	1	1	0.0347862105324	0.0961972825857	1	1	1	1	1	1	1	0.0042899000336	1	1	1	1	1	0.0433997859057	1	1	1	1	1	1	1	1
S1P1_pathway	1	1	1	0.00667445448315	1	1	1	1	1	0.0221850798193	1	1	1	1	1	1	1	1	1	0.0719028647512	1	1	1	1	0.0507326730599	1	1	1	1	1	1	1	1	0.0200317709077	1	1	1
SCF(Skp2)-mediated_degradation_of_p27/p21	1	1	1	1	1	1	1	1	1	0.0828887710256	1	1	1	1	1	1	1	1	1	1	1	1	1	1	1	1	1	1	0.0239058431701	1	1	1	1	1	1	1	1
SCF-beta-TrCP_mediated_degradation_of_Emi1	1	1	1	1	1	1	1	1	1	0.0876076411145	1	1	1	1	1	1	1	1	1	1	1	1	1	1	1	1	1	1	0.0260066772531	1	1	1	1	1	1	1	1
S_Phase	1	1	1	1	1	1	1	1	1	1	1	1	1	1	1	1	1	1	1	1	1	1	1	1	1	1	1	1	0.0291350460821	1	1	1	1	1	1	1	1
Sema4D_in_semaphorin_signaling	1	1	1	1	1	1	1	1	1	1	1	1	1	1	1	1	1	1	1	1	1	1	1	1	1	1	0.0525409168193	1	1	1	1	1	1	1	1	1	1
Signal_Transduction	1	1	1	1	1	1	1	1	1	1	1	1	1	1	0.060495941777	1	1	1	1	1	1	1	1	1	1	1	1	1	1	1	1	1	1	1	1	1	1
Signaling_by_FGFR	1	1	1	1	1	1	1	1	1	1	1	1	1	1	0.0371993308729	1	1	1	1	1	1	1	1	1	1	1	1	1	1	1	1	1	1	1	1	1	1
Signaling_by_GPCR	1	1	1	1	0.0126508925271	1	1	1	1	1	1	1	1	1	0.0213749878566	1	1	1	1	1	1	0.0424766399811	1	1	1	1	0.0918848343445	1	1	1	1	1	1	1	1	1	0.0347370934015
Signaling_by_Interleukins	0.081738453579	0.00579988617253	1	1	1	1	1	1	1	1	1	1	1	1	0.0115820676032	1	1	1	1	1	1	1	1	1	1	1	0.00959739850206	1	1	1	1	1	1	0.0748300567125	1	1	1
Signaling_by_Wnt	1	1	1	1	1	1	1	1	1	0.0924065581357	1	1	1	1	1	1	1	1	1	1	1	1	1	1	1	1	1	1	0.0282041692064	1	1	1	1	1	1	1	1
Signaling_events_mediated_by_HDAC_Class_I	1	1	1	1	1	1	1	1	1	1	0.0901133770424	1	1	1	1	1	1	1	1	1	1	1	1	1	1	1	1	1	1	1	1	1	1	1	0.0779798910677	1	1
Signaling_events_mediated_by_HDAC_Class_II	1	1	1	1	1	1	1	1	1	1	0.0505346859887	1	1	1	1	1	1	1	1	1	1	1	1	1	1	1	1	1	1	1	1	1	1	1	1	1	1
Signaling_events_mediated_by_Hepatocyte_Growth_Factor_Receptor_(c-Met)	1	1	1	0.00714813138678	1	1	1	1	1	0.0235799348012	1	1	1	1	1	1	1	1	1	0.0738111125353	1	1	1	1	0.0524967683128	1	1	1	1	1	1	1	1	0.0217385656397	1	1	1
Signaling_events_mediated_by_PRL	1	1	1	1	1	1	1	1	1	1	1	1	1	1	1	1	1	1	1	1	1	1	1	1	1	1	1	1	1	1	1	1	1	1	0.00450623110104	1	1
Signaling_events_mediated_by_PTP1B	1	1	1	1	1	1	1	1	1	1	1	1	1	1	1	1	1	1	1	1	1	1	1	1	1	1	0.0164913800954	1	1	1	1	1	1	1	1	1	1
Signaling_events_mediated_by_Stem_cell_factor_receptor_(c-Kit)	1	1	1	1	1	1	1	1	1	1	1	1	1	1	1	1	1	1	1	1	1	1	1	1	1	1	1	1	1	1	1	1	1	0.0342946875532	1	1	1
Signaling_events_mediated_by_VEGFR1_and_VEGFR2	1	1	1	0.00720925732088	1	1	1	1	1	0.0237590229439	1	1	1	1	1	1	1	1	1	0.0740518609237	1	1	1	1	0.0527202221431	1	1	1	1	1	1	1	1	0.0219598888158	1	1	1
Signaling_events_mediated_by_focal_adhesion_kinase	1	1	1	0.00667445448315	1	1	1	1	1	0.0221850798193	1	1	1	1	1	1	1	1	1	0.0719028647512	1	1	1	1	0.0507326730599	1	1	1	1	1	1	1	1	0.0200317709077	1	1	1
Signaling_events_regulated_by_Ret_tyrosine_kinase	1	1	1	1	1	1	1	1	1	0.0924065581357	1	1	1	1	1	1	1	1	1	1	1	1	1	1	1	1	1	1	1	1	1	1	1	1	1	1	1
Signaling_mediated_by_p38-alpha_and_p38-beta	1	1	1	1	1	1	0.00109356696079	0.0677286172902	1	1	1	1	1	1	1	1	1	1	1	1	1	1	1	1	1	1	1	1	1	1	1	1	1	1	1	1	1
Sphingosine_1-phosphate_(S1P)_pathway	1	1	1	0.00287603766086	1	1	1	1	1	0.0265754439286	1	1	1	1	1	1	1	1	1	0.077722398853	1	1	1	1	0.0561512195878	1	1	1	1	1	1	1	1	0.0255019957915	1	1	1
Stabilization_of_p53	1	1	1	1	1	1	1	1	1	0.0924065581357	1	1	1	0.0668871745952	1	1	1	1	1	1	1	1	1	1	1	1	1	1	0.0282041692064	1	1	1	1	1	1	1	1
Steroid_hormones	1	1	0.00769994574163	1	1	1	1	1	1	1	1	1	1	0.0870525711434	1	1	1	1	1	1	1	1	1	1	1	1	1	1	1	1	1	1	1	1	1	1	1
Switching_of_origins_to_a_post-replicative_state	1	1	1	1	1	1	1	1	1	1	1	1	1	1	1	1	1	1	1	1	1	1	1	1	1	1	1	1	0.0406304565898	1	1	1	1	1	1	1	1
Syndecan-1-mediated_signaling_events	1	1	1	0.00758519920469	1	1	1	1	1	0.0248560608714	1	1	1	1	1	1	1	1	1	0.0755067193934	1	1	1	1	0.0540747555612	1	1	1	1	1	1	1	1	0.0233260890283	1	1	1
Syndecan-2-mediated_signaling_events	1	1	1	0.0904520750344	1	1	1	1	1	1	1	1	1	1	0.0125032522999	1	1	1	1	1	1	1	1	1	1	1	1	1	1	1	1	1	1	1	1	1	1
Syndecan-4-mediated_signaling_events	1	1	1	1	1	1	1	1	1	1	1	1	1	1	1	1	1	1	1	1	1	1	1	1	1	1	1	1	1	0.0419795070026	1	1	1	1	1	0.0208962325201	1
Synthesis_and_interconversion_of_nucleotide_di-_and_triphosphates	1	1	1	1	1	1	1	1	1	1	1	1	1	1	1	1	1	1	1	1	1	1	1	1	1	1	0.0917878972424	1	1	1	1	1	1	1	1	1	1
Synthesis_of_DNA	1	1	1	1	1	1	1	1	1	1	1	1	1	1	1	1	1	1	1	1	1	1	1	1	1	1	1	1	0.0835820502565	1	1	1	1	1	1	1	1
Synthesis_of_very_long-chain_fatty_acyl-CoAs	1	1	1	1	1	1	1	1	1	1	1	1	1	1	1	1	1	1	1	1	1	1	1	1	1	0.0234275155243	1	1	1	1	1	1	1	1	1	1	1
TCR_signaling	1	1	1	1	1	1	1	1	1	1	1	1	1	1	1	1	1	1	1	1	1	1	1	1	1	1	0.0366171529704	1	1	1	1	1	1	1	1	1	1
TCR_signaling_in_na&#xef;ve_CD4+_T_cells	1	1	1	1	0.0843704982537	1	1	1	1	1	1	1	1	1	1	1	1	1	1	1	1	1	0.079721200391	1	1	1	0.0447984277931	1	1	1	1	1	1	1	1	1	0.0194818513719
TCR_signaling_in_na&#xef;ve_CD8+_T_cells	1	1	1	1	1	1	1	1	1	0.0074865743438	1	1	1	0.00900944705685	1	1	1	1	1	1	1	1	1	1	1	1	0.00692924390243	1	1	1	1	1	1	1	1	1	0.0146910175599
TGF-beta_receptor_signaling	1	1	1	1	1	1	0.0373496147701	1	1	1	1	1	1	1	1	1	1	1	1	1	1	1	0.0665103702146	1	1	1	1	1	1	1	1	1	1	1	1	1	1
TGFBR	1	1	1	1	1	1	1	1	1	1	1	1	1	1	1	1	1	1	1	1	1	1	0.089635364104	1	1	1	1	1	1	1	1	1	1	1	0.0233226699702	1	1
TNF_alpha/NF-kB	1	1	1	1	1	1	1	1	1	1	1	1	1	1	1	1	1	1	1	1	1	1	1	1	1	1	1	1	1	1	1	1	1	1	0.0466303907675	1	1
TNF_receptor_signaling_pathway	1	1	1	1	1	1	0.0368007006422	1	1	0.0446110302516	0.0705039978724	1	1	1	1	1	1	1	1	1	1	1	0.020170321976	1	1	1	1	1	0.0126745730743	1	1	1	1	1	1	1	1
TRAIL_signaling	1	1	1	1	1	1	1	1	1	1	1	1	1	1	1	1	1	1	1	1	1	1	1	1	1	1	1	1	1	1	1	1	1	0.00282003501231	1	1	1
TRAIL_signaling_pathway	1	1	1	0.00321631279043	1	1	1	1	1	0.0290104126847	1	0.0748576954521	1	1	1	1	1	1	1	0.0807391618054	1	1	1	1	0.0590040483952	1	1	1	0.074934275496	1	1	1	1	0.0151529988106	1	1	1
Tat-mediated_HIV-1_elongation_arrest_and_recovery	1	1	1	1	1	1	1	0.0197805736112	1	1	1	1	1	1	1	1	1	1	1	1	1	1	1	1	1	1	1	1	1	1	1	1	1	1	1	1	1
Tat-mediated_elongation_of_the_HIV-1_transcript	1	1	1	1	1	1	1	0.0434522347515	1	1	1	1	1	1	1	1	1	1	1	1	1	1	1	1	1	1	1	1	1	1	1	1	1	1	1	1	1
The_NLRP3_inflammasome	1	1	1	1	1	1	1	1	1	1	0.00693762054529	1	1	1	1	1	1	1	1	1	1	1	1	1	1	1	1	1	0.00531722639695	1	1	1	1	1	1	1	1
The_citric_acid_(TCA)_cycle_and_respiratory_electron_transport	1	1	1	1	1	1	1	0.0302872864806	1	1	1	1	1	1	1	0.0032218999923	1	1	1	1	0.018850620328	1	0.0167735263549	3.80431140832e-05	1	0.0461485373683	1	6.62490399206e-08	1	1	1	0.00200052780061	1	1	1	1	1
The_role_of_Nef_in_HIV-1_replication_and_disease_pathogenesis	1	1	1	1	1	1	1	1	1	1	1	1	1	0.0598951469901	1	1	1	1	1	1	1	1	1	1	1	1	1	1	1	1	1	1	1	1	1	1	1
Thrombin/protease-activated_receptor_(PAR)_pathway	1	1	1	0.00739524572834	1	1	1	1	1	0.0243026939471	1	1	1	1	1	1	1	1	1	0.0747770672856	1	1	1	1	0.0533945248611	1	1	1	1	1	1	1	1	0.0226347298799	1	1	1
Toll_Like_Receptor_4_(TLR4)_Cascade	1	1	1	1	1	1	1	1	1	1	1	1	1	1	1	1	0.00479015888882	1	1	1	1	1	1	1	1	1	1	1	1	1	1	1	1	1	1	1	1
Toll_Receptor_Cascades	1	1	1	1	0.0890054217678	1	1	1	1	1	1	1	1	1	0.0552571740195	1	0.00939675104125	1	1	1	1	1	1	1	1	1	1	1	1	1	1	1	1	1	1	1	1
Transcription_of_the_HIV_genome	1	1	1	1	1	1	1	0.0986874901174	1	1	1	1	1	1	1	1	1	1	1	1	1	1	1	1	1	1	1	1	1	1	1	1	1	1	1	1	1
Transcriptional_Regulation_of_White_Adipocyte_Differentiation	1	1	1	1	1	0.0758534271734	1	1	1	1	1	1	1	1	1	1	0.0141061731699	1	1	1	1	1	1	1	1	1	1	1	1	1	1	1	1	1	1	1	1
Transmission_across_Chemical_Synapses	1	1	1	1	0.083624909084	1	1	1	1	1	1	1	1	1	1	1	1	1	1	1	1	1	1	1	1	1	1	1	1	1	1	1	1	1	1	1	1
Transport_of_inorganic_cations/anions_and_amino_acids/oligopeptides	1	1	0.0265320975372	1	1	1	1	1	1	1	1	1	1	1	1	1	1	1	1	1	1	1	1	1	1	1	1	1	0.0625289143023	1	1	1	1	1	1	1	1
Triglyceride_Biosynthesis	1	1	1	1	1	1	1	1	1	1	1	1	1	1	1	0.0147567896785	1	1	1	1	1	1	1	1	1	0.00527169308935	1	1	1	0.00345502563392	1	1	1	1	1	1	1
Tryptophan_catabolism	1	1	1	1	1	1	1	1	1	1	1	1	1	1	1	1	1	1	1	1	1	1	1	1	1	1	0.0525409168193	1	1	1	1	1	1	1	1	1	1
Ubiquitin-dependent_degradation_of_Cyclin_D	1	1	1	1	1	1	1	1	1	0.0852379770911	1	1	1	1	1	1	1	1	1	1	1	1	1	1	1	1	1	1	0.024944169955	1	1	1	1	1	1	1	1
Ubiquitin-dependent_degradation_of_Cyclin_D1	1	1	1	1	1	1	1	1	1	0.0852379770911	1	1	1	1	1	1	1	1	1	1	1	1	1	1	1	1	1	1	0.024944169955	1	1	1	1	1	1	1	1
Ubiquitin_Mediated_Degradation_of_Phosphorylated_Cdc25A	1	1	1	1	1	1	1	1	1	0.0899973155217	1	1	1	1	1	1	1	1	1	1	1	1	1	1	1	1	1	1	0.0270933509347	1	1	1	1	1	1	1	1
Unfolded_Protein_Response	1	1	1	1	1	1	1	1	1	1	1	1	1	1	1	1	1	1	1	1	1	1	1	1	1	1	1	1	1.60552986556e-05	1	1	1	1	1	1	1	1
Urokinase-type_plasminogen_activator_(uPA)_and_uPAR-mediated_signaling	1	1	1	0.00667445448315	1	1	1	1	1	0.0221850798193	1	1	1	1	1	1	1	1	1	0.0719028647512	1	1	1	1	0.0507326730599	1	1	1	1	1	1	1	1	0.0200317709077	1	1	1
VEGF_and_VEGFR_signaling_network	1	1	1	0.00764940913647	1	1	1	1	1	0.0250426902819	1	1	1	1	1	1	1	1	1	0.0757509255592	1	1	1	1	0.054302820005	1	1	1	1	1	1	1	1	0.0235602596947	1	1	1
Validated_nuclear_estrogen_receptor_alpha_network	1	1	1	1	1	1	1	1	1	1	1	1	1	1	1	1	1	1	1	1	1	1	0.0987886344541	0.019955204047	1	0.0875343210267	1	1	1	1	1	1	1	1	1	1	1
Validated_targets_of_C-MYC_transcriptional_activation	1	1	1	1	1	0.0947676924083	1	1	1	1	1	1	1	1	1	1	1	1	1	1	1	1	0.0037169496079	1	1	1	1	1	1	0.038835241434	1	1	1	1	0.0541895399454	1	1
Validated_targets_of_C-MYC_transcriptional_repression	1	1	1	1	1	1	1	1	0.000545479299996	0.011875773954	1	1	0.0325180085941	1	1	1	0.0828887710256	1	1	1	1	1	0.0987886344541	1	1	1	1	1	1	1	1	1	1	0.0537199107801	0.00348659385892	1	1
Validated_transcriptional_targets_of_AP1_family_members_Fra1_and_Fra2	1	1	1	0.000802089502862	1	1	1	1	1	0.0511929961956	1	1	1	0.00355709723386	0.00562730913076	1	1	1	1	1	1	1	0.0658404373862	1	1	1	0.0106548461091	1	0.0230737470361	1	1	1	1	1	1	1	1
Validated_transcriptional_targets_of_TAp63_isoforms	1	1	1	1	1	1	1	1	1	1	1	1	1	1	1	1	1	1	1	1	1	1	1	1	1	1	1	1	0.0921452768352	1	1	1	1	1	1	1	1
Validated_transcriptional_targets_of_deltaNp63_isoforms	1	1	1	1	1	1	1	1	1	1	1	1	1	1	1	1	0.0648871612969	1	1	1	1	1	1	1	1	1	1	1	1	1	1	1	1	1	1	1	1
Vif-mediated_degradation_of_APOBEC3G	1	1	1	1	1	0.0738364370233	1	0.0285853813874	1	0.0899973155217	1	1	1	1	1	1	1	1	1	1	1	1	1	1	1	1	1	1	0.0270933509347	1	1	1	1	1	1	1	1
Vpu_mediated_degradation_of_CD4	1	1	1	1	1	1	1	1	1	0.0876076411145	1	1	1	1	1	1	1	1	1	1	1	1	1	1	1	1	1	1	0.0260066772531	1	1	1	1	1	1	1	1
Wnt_signaling_network	1	1	1	1	1	1	1	1	1	1	1	1	1	1	1	1	1	1	1	1	1	1	1	1	1	1	1	1	1	0.0364748733116	1	1	1	1	1	1	1
amb2_Integrin_signaling	1	1	1	1	1	1	1	1	1	1	1	1	1	1	1	1	1	1	1	1	1	1	1	1	1	1	0.0227352389564	1	1	1	1	1	1	1	1	1	1
cholesterol_biosynthesis_I	1	1	1	1	1	1	1	1	1	1	0.000235512128118	1	1	1	1	1	1	1	1	1	1	1	1	1	1	1	1	1	1	1	1	1	1	1	1	1	1
cholesterol_biosynthesis_III_(via_desmosterol)	1	1	1	1	1	1	1	1	1	1	0.000235512128118	1	1	1	1	1	1	1	1	1	1	1	1	1	1	1	1	1	1	1	1	1	1	1	1	1	1
cholesterol_biosynthesis_II_(via_24,25-dihydrolanosterol)	1	1	1	1	1	1	1	1	1	1	0.000235512128118	1	1	1	1	1	1	1	1	1	1	1	1	1	1	1	1	1	1	1	1	1	1	1	1	1	1
gamma-linolenate_biosynthesis_II_(animals)	1	1	1	1	1	1	1	1	1	1	1	1	1	1	1	1	1	1	1	1	1	1	1	1	1	1	0.0219457796599	1	1	1	1	1	1	1	1	1	1
glutathione-mediated_detoxification	1	1	1	1	1	1	1	0.0180155869897	1	1	1	1	1	0.0799592584092	1	1	1	1	1	1	1	1	1	1	1	1	1	1	1	1	1	1	1	1	1	1	1
glycine_betaine_degradation	1	1	1	1	1	1	1	1	1	1	1	1	1	1	1	1	1	1	1	1	1	1	1	1	1	0.00980012284134	1	1	1	1	1	1	1	1	1	1	1
leukotriene_biosynthesis	1	1	1	1	1	1	1	1	1	1	1	1	1	1	1	0.00114759003005	0.000890219667531	1	1	1	1	1	1	1	1	1	1	1	1	1	1	1	1	1	1	1	1
mTOR_signaling_pathway	1	1	1	0.00667445448315	1	1	1	1	1	0.0221850798193	1	1	1	1	1	1	1	1	1	0.0719028647512	1	1	1	1	0.0507326730599	1	1	1	1	1	1	1	1	0.0200317709077	1	1	1
p38_MAPK_signaling_pathway	1	1	1	1	0.042996543804	1	0.0138213128124	0.0688028657579	1	1	0.0960111011796	1	1	0.0618568274139	1	1	1	1	1	1	1	1	0.00900922747857	1	1	1	1	1	1	1	1	1	1	1	1	1	1
p38_signaling_mediated_by_MAPKAP_kinases	1	1	1	1	1	1	0.000123241864677	0.00897906251813	1	1	1	1	1	1	1	1	1	1	1	1	1	1	1	1	1	1	1	1	1	1	1	1	1	1	1	1	1
p53-Dependent_G1/S_DNA_damage_checkpoint	1	1	1	1	1	1	1	1	1	0.097282006223	1	1	1	0.0731024840127	1	1	1	1	1	1	1	1	1	1	1	1	1	1	0.0046134989371	1	1	1	1	1	1	1	1
p53-Dependent_G1_DNA_Damage_Response	1	1	1	1	1	1	1	1	1	0.097282006223	1	1	1	0.0731024840127	1	1	1	1	1	1	1	1	1	1	1	1	1	1	0.0046134989371	1	1	1	1	1	1	1	1
p53-Independent_DNA_Damage_Response	1	1	1	1	1	1	1	1	1	0.0924065581357	1	1	1	1	1	1	1	1	1	1	1	1	1	1	1	1	1	1	0.0282041692064	1	1	1	1	1	1	1	1
p53-Independent_G1/S_DNA_damage_checkpoint	1	1	1	1	1	1	1	1	1	0.0924065581357	1	1	1	1	1	1	1	1	1	1	1	1	1	1	1	1	1	1	0.0282041692064	1	1	1	1	1	1	1	1
p53_pathway	1	1	1	1	1	1	1	1	1	1	1	1	1	0.0347786634719	1	1	1	1	1	1	1	1	1	1	0.0908131756759	1	1	1	0.00537070880585	1	1	1	1	1	1	1	1
p75(NTR)-mediated_signaling	1	1	1	1	1	1	1	1	1	1	1	1	1	1	1	1	1	1	1	1	1	1	0.034267660682	1	1	1	1	1	1	1	1	1	1	1	1	1	1
p75NTR_signals_via_NF-kB	1	1	1	1	1	1	1	1	1	1	1	1	1	1	1	1	1	1	1	1	1	1	1	1	1	1	0.00534387059471	1	1	1	1	1	1	1	1	1	1
p75_NTR_receptor-mediated_signalling	1	1	1	1	1	1	1	1	1	1	1	1	1	1	1	1	1	1	1	1	1	1	1	1	1	1	0.0473581242996	1	1	1	1	1	1	1	1	1	1
prostanoid_biosynthesis	1	1	1	1	1	1	1	1	1	1	1	1	1	1	1	0.0027076222283	1	1	1	1	1	1	1	1	1	1	1	1	1	1	1	1	1	1	1	1	1
putrescine_degradation_III	1	1	1	1	1	1	1	1	1	1	1	1	1	0.00529621152508	1	1	1	1	1	1	1	1	1	1	1	1	0.0109345008241	1	1	1	1	1	1	1	1	1	1
superpathway_of_cholesterol_biosynthesis	1	1	1	1	1	1	1	1	1	1	5.27717596965e-06	1	1	1	1	1	1	1	1	1	1	1	1	1	1	0.00684781365824	1	1	1	0.00414127347904	0.00147327096409	1	1	1	1	1	1
superpathway_of_geranylgeranyldiphosphate_biosynthesis_I_(via_mevalonate)	1	1	1	1	1	1	1	1	1	1	0.00969220450277	1	1	1	1	1	1	1	1	1	1	1	1	1	1	0.0203055833195	1	1	1	1	1	1	1	1	1	1	1
tryptophan_degradation_XI_(mammalian,_via_kynurenine)	1	1	1	1	1	1	1	1	1	1	1	1	1	1	1	1	1	1	1	1	1	1	1	1	1	1	0.0286087002469	1	1	1	1	1	1	1	1	1	1
