	AHR	ARID3A	ARID5B	ARNT	ASCL2	ATF3	ATF4	ATF5	BATF	BATF3	BBX	BCL11A	BHLHE41	CEBPD	CEBPG	CEBPZ	CREB3	CREB3L2	CREM	CUX1	DBP	DDIT3	DNMT1	DNTTIP1	EGR2	EPAS1	ETS2	ETV5	ETV6	FOS	FOXN2	FOXO3	GTF2B	GTF3A	HBP1	HES6	HIF1A	HLX	HMG20A	HMG20B	HMGA1	HMGN3	IRF1	IRF2	IRF3	IRF5	IRF7	IRF8	IRF9	JUN	JUNB	JUND	KLF10	KLF3	KLF6	LCORL	LYL1	MAFB	MAFF	MECP2	MEF2A	MITF	MSANTD3	MSC	MTF1	MXD1	MXD4	NFAT5	NFE2L1	NFE2L2	NFIC	NFKB1	NFKB2	NR1H3	NR3C1	PKNOX1	PLSCR1	POGK	POU2F2	PPARG	RBPJ	REL	RELA	RELB	RREB1	RUNX1	SNAI3	SOX4	SP3	STAT1	STAT2	STAT3	STAT4	STAT5A	TCF4	TCF7L2	TFDP2	TFEB	TFEC	TGIF1	THAP1	TSC22D1	XBP1	XPA	YBX1	YBX3	YY1	ZBTB43	ZEB2	ZHX1	ZNF143	ZNF22	ZNF267	ZNF274	ZNF281	ZNF32	ZNF322	ZNF37A	ZNF385A	ZNF394	ZNF444	ZNF524	ZNF580	ZNF677	ZNF75A	ZNF780A
ABC_transporters	1	1	1	1	1	1	1	1	1	1	1	1	1	1	1	1	1	1	1	1	1	1	1	1	1	1	1	1	1	1	1	1	1	1	1	1	1	1	1	1	1	1	1	1	1	1	1	0.0555099983744	1	1	1	1	1	1	1	1	1	1	1	1	1	1	1	1	1	1	1	1	1	1	1	1	1	1	1	1	1	1	1	1	1	1	1	1	1	1	1	1	1	1	1	1	1	1	1	1	1	1	1	1	1	1	1	1	1	1	1	1	1	1	1	1	1	1	1	1	1	1	1	1	1	1	1	1	1	1
Adherens_junction	1	1	1	1	1	1	1	1	1	1	1	1	1	1	1	1	1	1	1	1	1	1	0.032591733922	1	1	1	1	1	1	1	1	1	1	1	1	1	1	1	1	1	1	1	1	1	1	1	1	1	1	1	1	1	1	1	1	1	1	1	1	1	1	1	1	1	1	1	1	1	1	1	1	1	1	1	1	1	1	1	1	1	1	1	1	1	1	1	1	1	1	1	1	1	1	1	1	0.0408822016891	1	1	1	1	1	1	1	1	1	1	1	1	1	1	1	1	0.00779808551065	1	1	1	1	1	0.00307487255081	1	1	1	1	1	1	1
Adipocytokine_signaling_pathway	1	1	1	1	1	1	0.0903393876285	1	1	0.00660304399839	1	1	1	1	1	1	1	1	1	1	0.0469310276572	1	1	1	1	1	0.00735718258377	1	1	1	1	1	1	1	1	1	0.067261418404	1	1	1	1	1	1	1	1	1	0.0884174450014	1	1	1	1	1	1	1	0.00690014563555	1	1	1	1	1	1	1	1	1	1	1	1	1	1	0.0577912814732	1	1	0.00386675246177	1	1	0.061037551792	1	1	0.0735488129521	1	1	1	1	1	1	1	1	1	1	1	0.0719828823718	1	0.0324553189589	1	1	1	1	1	1	1	1	1	1	1	1	1	1	1	1	1	1	1	1	1	1	1	1	1	1	0.0613694822205	1	1	1	1	1	1
African_trypanosomiasis	1	1	0.0212157022577	1	1	1	1	1	1	0.0534065078547	1	1	1	1	1	1	1	1	1	1	0.00776805455041	1	1	1	1	1	1	1	1	1	1	1	1	1	1	1	1	1	1	1	1	1	1	1	1	1	1	1	1	1	1	1	1	1	0.0568209387144	1	1	1	1	1	1	1	1	1	1	1	1	1	1	1	1	1	1	1	1	1	1	1	0.00805253369898	1	1	1	1	1	1	1	1	1	1	1	1	1	0.0121095953982	1	1	1	1	1	1	0.0244730361091	1	1	1	1	1	1	1	1	1	0.00219437432513	1	1	1	1	1	1	1	1	1	1	1	1	1	1	1	1
Alanine,_aspartate_and_glutamate_metabolism	1	1	1	0.0288568846974	1	1	1	1	1	1	1	1	1	1	1	1	1	1	1	1	1	1	1	1	1	1	1	1	1	1	1	1	1	1	1	1	1	1	1	1	1	1	1	1	1	0.082455329797	1	1	1	1	1	1	1	1	1	1	1	1	1	1	1	1	1	1	1	1	1	1	1	1	1	1	1	1	1	1	1	1	1	1	1	1	1	1	1	1	1	0.0699006799347	1	1	1	1	1	1	0.0153251867578	1	1	1	1	1	1	1	1	1	1	1	1	1	1	1	1	1	1	1	1	1	1	1	1	1	1	1	1	1	1	1
Aldosterone-regulated_sodium_reabsorption	1	1	1	1	1	1	1	1	1	1	1	1	1	1	1	1	1	1	1	1	1	1	1	1	1	1	1	1	1	1	1	1	1	1	1	1	1	1	1	1	1	1	1	1	1	1	1	1	1	1	1	1	1	1	1	1	1	1	1	1	1	1	1	1	1	1	1	1	1	1	1	1	1	1	1	1	1	1	1	1	1	0.0359038966055	1	1	1	1	1	1	1	1	1	1	1	1	1	1	1	1	1	1	1	1	1	1	1	1	1	1	1	1	1	1	1	1	1	1	1	1	1	1	1	1	1	1	1	1
Allograft_rejection	1	1	1	0.0396306594544	0.0604896122126	1.09755346464e-05	1	0.0639747909364	1	0.0653223836341	1	1	1	1	0.021215702258	1	1	1	1	1	1	0.0148326029776	1	1	1	1	2.59501209854e-07	1	1	2.78150227503e-05	1	1	1	1	1	1	1	0.0247645320906	1	0.0504592712503	0.0259798503675	0.0553925510624	0.0215279864863	1	0.000732694756382	1.79247850581e-05	0.00216337217023	0.000299716363357	0.00348586192913	1	1	1	1	1	3.04407318064e-06	1	1	1	1	1	5.43618962401e-07	0.0272560318103	1	0.0339038591011	1	1	1	1	1	1.59362502128e-06	1	1	1.50177834098e-05	1.4845248934e-05	0.00675259605096	0.000538902721078	1	1	0.0107673099574	0.0228257061755	9.00203467324e-10	1	0.0104964753175	1	0.00462190910273	6.9669813918e-08	1	0.0145850618855	1	0.00823892138152	0.0548978816139	0.0121897473762	0.0742778791704	0.00663742077352	1	1	1	1	1	1	1	1	1	1	0.00191089931357	1	0.0029420709847	1	1	1	1	1	1	0.0285383978587	1	1	1	1	1	0.0131590077228	1	1	1	1	1	1
Alzheimer's_disease	1	1	1	1	0.0973810340419	0.0588047797333	1	0.0339435403181	1	1	1	1	1	1	1	0.0110569448579	1	1	1	1	0.0128550426329	1	1	1	1	1	1	1	1	1	1	1	1	1	1	1	1	1	1	1	1	1	1	1	1	1	1	1	1	1	1	1	0.0551001402	1	1	1	1	0.07335420748	1	1	1	1	1	0.0015223504286	1	1	1	0.0259425960577	1	1	1	1	1	1	1	1	0.00191561781401	1	0.0138395121645	1	1	1	1	1	1	0.0904496164658	0.025097505372	0.0751253716668	1	1	1	1	1	1	1	1	1	1	1	1	1	1	1	1	0.044097038504	0.0307968661645	1	1	1	1	1	1	1	1	1	1	1	1	1	1	0.0233219002011	1	1	1	1	1
Amino_sugar_and_nucleotide_sugar_metabolism	1	0.0692885689748	1	1	1	1	1	0.0958656904258	1	1	1	0.0770888665765	1	1	0.0328048845562	1	1	1	1	1	1	1	1	1	1	1	1	1	1	1	1	1	1	1	1	1	1	1	1	1	1	1	1	1	1	1	1	1	1	1	0.0589380952664	1	1	1	1	1	1	1	1	1	1	1	1	1	1	1	1	1	1	1	1	1	1	1	1	1	1	1	1	1	1	1	1	1	1	1	1	1	1	1	1	1	1	0.0858898111059	1	1	1	1	1	1	1	1	1	1	1	1	1	1	1	1	1	1	1	1	1	1	1	1	1	1	1	1	1	1	1	1
Amoebiasis	1	1	0.02980488524	1	1	0.0686143368371	1	1	1	1	1	1	1	1	1	1	1	1	1	1	1	0.094140542466	1	1	1	1	0.0222651009501	1	1	1	1	1	1	1	1	1	0.0543196914283	1	1	1	1	0.0880877166083	1	1	0.0886471924191	1	1	1	1	1	1	1	1	1	1	1	1	1	1	1	0.0811701650182	1	1	1	1	1	1	1	1	1	1	1	1	1	1	1	1	1	1	1	1	1	1	1	1	1	1	1	1	1	1	1	1	0.0218938457356	1	1	1	0.0353134317427	1	1	1	1	1	1	1	1	1	1	1	1	1	1	1	1	1	1	0.00668234532081	1	1	1	1	1	1	1	1	1
Amyotrophic_lateral_sclerosis_(ALS)	1	1	1	1	1	0.0229014224857	1	1	1	1	1	1	1	1	1	1	1	1	1	1	1	1	1	1	0.082703145678	1	1	1	1	1	1	1	1	0.0210795387869	1	1	1	1	1	1	1	1	1	1	1	1	1	1	1	1	1	1	1	1	1	1	1	1	1	1	1	0.0484435251935	1	1	1	1	1	1	1	1	1	1	1	1	1	1	0.0645786423938	1	1	1	1	1	1	1	1	1	1	1	1	1	1	1	1	1	1	1	1	1	1	1	1	1	1	1	1	1	1	1	0.0822436827835	1	0.0528827659508	1	1	1	1	1	1	1	1	1	0.0929331851887	1	1	1	1	1
Antigen_processing_and_presentation	1	1	1	0.0268276793117	1	5.51232726131e-09	1	0.0527330375263	0.00524342817323	1	1	0.078329528846	1	0.00183211785841	0.0108750781146	1	1	0.0084812079257	1	1	1	3.3629139336e-05	0.0368062141941	1	0.000812592572505	1	0.000218419837439	8.11179326911e-05	1	3.227800483e-05	1	0.000210718288709	1	1	1	1	1	0.0136249767719	1	0.000817820513416	3.50922284773e-05	0.0431076339003	0.0689382200023	1	2.81214964115e-05	1.83929003196e-05	0.0118291372951	0.000529606402334	0.00943984072691	1	0.0563095799725	0.0126685139649	1	1	0.00161156586264	1	1	0.0488729919629	1	0.0163538263981	1.23207299918e-09	0.0983444769765	1	1	1	0.00329797348378	1	0.0368062141941	0.0146215973088	1.10302848706e-05	1	1	4.56772149928e-05	7.19066339805e-08	0.019828644606	0.000528036063895	1	1	1	0.0016823792731	1.27488926083e-08	1	0.00845610439658	1	4.64591142549e-05	1.57017665536e-09	1	0.000622922831746	0.00897631052965	1	1	0.0377956306361	0.000163421706935	1	0.0394435454569	1	0.0368062141941	1	0.00707351697351	1	1	1	0.00470537385994	1	0.000490558292796	1	2.44026934285e-05	1	0.000691229449809	1	0.0178543204175	1	1	1	0.00252443123162	1	1	1	1	1	0.00710444516722	1	0.0368062141941	1	0.0901287163437	1
Apoptosis	1	1	1	1	1	1	1	1	1	0.0617127496449	1	1	1	1	1	1	1	1	1	1	0.0187209057082	1	1	0.0346863578665	1	1	1	1	1	1	1	1	1	1	1	1	1	1	1	1	1	1	1	1	1	1	1	1	0.056824021126	1	1	1	1	1	1	1	1	1	1	1	1	1	1	1	1	1	1	1	1	0.0229648572694	1	1	1	1	1	0.075248855271	1	1	0.0492408262737	1	0.0755850557247	1	1	1	1	1	1	1	1	1	0.0479566956683	1	1	1	1	1	1	1	1	1	1	1	1	1	0.0171649001706	1	1	1	1	1	1	1	1	1	1	1	0.0413777042306	1	1	1	1	1	1	1	1	1
Arachidonic_acid_metabolism	1	1	1	0.0864553964247	0.00332338009072	1	1	1	1	1	1	0.0335857158709	1	1	1	1	1	1	1	1	0.000592638570742	1	1	1	1	1	1	1	1	0.0148495079462	1	1	1	1	1	1	1	1	1	1	1	1	0.0846497599009	1	1	1	1	1	0.016480228592	1	1	1	0.0925652126523	1	1	1	1	0.0861626848539	1	1	1	1	0.000402413779286	1	1	1	1	1	1	1	1	1	1	1	1	1	1	1	1	0.00663133768326	0.0939719977683	0.0661485126005	0.0107245921569	1	1	1	1	1	1	0.0468866167471	1	1	1	1	1	1	1	1	1	0.063397540582	1	1	1	1	1	1	1	1	1	1	1	1	1	1	1	1	1	1	1	1	1	1	0.00147932655864	1	1	1
Arginine_and_proline_metabolism	1	1	1	1	1	1	1	1	1	1	1	1	1	0.0535683659982	1	1	1	1	1	1	1	0.0297563989894	1	1	1	1	1	1	1	1	1	1	1	1	1	1	1	0.0488526184634	1	1	1	1	1	1	0.0278691681742	1	1	1	1	1	1	1	1	1	1	1	1	1	1	1	1	1	1	1	1	1	1	1	1	1	1	1	1	0.0258558876583	1	1	1	1	1	1	1	1	1	1	1	1	1	1	1	1	1	1	1	1	1	1	1	1	1	1	1	1	1	1	1	1	1	1	0.0905364794419	1	1	1	1	1	1	1	1	1	1	1	1	1	1	1	1	1
Arrhythmogenic_right_ventricular_cardiomyopathy_(ARVC)	1	1	0.0823634012157	1	1	1	1	1	1	1	1	1	1	1	1	1	1	1	1	1	1	1	0.00283901472471	1	1	1	1	1	1	1	1	1	1	1	0.00800650834433	1	1	1	1	1	1	1	1	1	1	1	1	1	1	1	1	1	1	1	1	1	1	1	1	1	1	1	1	1	0.093814512128	1	1	1	1	1	1	1	1	1	1	1	1	1	1	1	1	1	1	1	1	1	1	1	1	1	1	1	1	1	1	0.0419051329817	1	1	1	1	1	1	1	1	1	1	1	1	1	1	1	1	0.00800650834433	1	1	1	1	1	0.00315848393004	1	1	1	1	1	1	1
Asthma	1	1	1	1	1	2.94041558229e-05	1	1	1	1	1	1	1	1	0.0135236003715	1	1	1	1	1	1	0.00940443786195	1	1	1	1	4.11375795853e-05	1	1	0.000103160156914	1	1	1	1	1	1	1	0.0158277909862	1	0.0327641781591	1	0.0360614874214	1	1	0.000361744878897	7.15151337977e-05	1	0.00212443729844	0.0887157550314	1	1	1	1	1	0.000301933677017	1	1	1	1	1	6.83129940774e-05	0.0174510402279	1	0.0218033513304	1	1	1	1	1	0.001042113842	1	1	0.0039129254612	0.000245446863487	0.0216441533814	0.0642920579162	1	1	1	1	4.22099052377e-08	1	1	1	0.0028964839739	2.00831496988e-08	1	1	1	1	1	1	1	0.0371882782285	1	1	1	1	1	1	1	1	1	1	1	1	1	1	1	1	1	1	1	0.0182882452019	1	1	1	1	1	1	1	1	1	1	1	1
Autoimmune_thyroid_disease	1	1	1	0.071830710087	1	0.00010332442596	1	1	1	1	1	1	1	1	0.0393427663486	1	1	1	1	1	1	0.0277801022468	1	1	1	1	6.94480094798e-06	1	1	0.000190278816513	1	1	1	1	1	1	1	0.0456977843912	1	0.0904321176301	0.0870648364167	0.0987980207912	0.0618669053876	1	0.00193959966887	0.000124508691771	0.00922488731489	0.00108027663721	0.0114358577124	1	1	1	1	1	2.22353884599e-05	1	1	1	1	1	1.40095642117e-05	0.0501307063968	1	0.0618509815328	1	1	1	1	1	3.86231874799e-05	1	1	0.000139494715426	0.000181601525526	0.0212962946926	0.00501948767365	1	1	0.0328487647916	0.0652216475136	2.93099086113e-08	1	0.0320848549528	1	0.00884672171991	3.87332198315e-07	1	0.035042094772	1	0.0315131162023	1	0.0368289660984	1	0.0165459215701	1	1	1	1	1	1	1	1	1	1	0.00821609748793	1	0.00754234581648	1	1	1	1	1	1	0.0524034918783	1	1	1	1	1	0.0317900329678	1	1	1	1	1	1
B_cell_receptor_signaling_pathway	1	1	1	1	1	1	1	1	1	1	1	1	1	1	1	1	1	1	1	1	1	1	1	1	1	1	1	1	1	1	1	1	1	1	1	1	1	1	1	1	1	1	1	1	0.0491343124806	1	1	1	1	0.0767578951647	1	1	1	1	0.0497520241932	1	1	1	1	1	1	1	1	1	1	1	1	1	1	1	1	1	1	1	0.0634082537333	1	1	1	1	1	1	1	1	1	1	1	1	1	1	1	1	1	1	1	1	1	1	1	1	1	1	1	1	1	1	1	1	1	1	1	1	1	1	1	1	1	0.0315309342184	1	1	1	1	1	1	1	1	1
Bacterial_invasion_of_epithelial_cells	1	1	1	1	1	1	1	1	1	1	1	1	1	1	1	1	1	1	1	1	1	1	0.0301627826662	1	1	1	1	1	1	1	1	1	1	1	1	1	1	1	1	1	1	1	1	1	1	1	1	1	1	1	1	1	1	1	1	1	1	1	1	1	1	1	1	1	1	1	1	1	1	1	1	1	1	1	1	1	1	1	1	1	1	1	1	1	1	1	1	1	1	1	1	1	1	1	1	0.0378727275621	1	1	1	1	1	1	1	1	1	1	1	1	1	1	1	1	0.00718806421892	1	1	1	1	1	0.0028304913049	1	1	1	1	1	1	1
Bile_secretion	1	1	1	1	1	1	1	1	1	1	1	1	1	1	1	1	1	1	1	1	1	1	1	1	1	1	1	1	1	1	1	1	1	1	1	1	1	1	1	1	1	1	1	1	1	1	1	1	1	0.0697794483259	1	1	1	1	1	1	1	1	1	1	1	1	1	1	1	1	1	1	1	1	1	1	1	1	1	1	1	1	1	1	1	0.0911094457008	1	1	1	1	1	1	1	1	1	1	1	1	1	1	1	1	1	1	1	1	1	1	1	1	1	1	1	1	1	1	1	1	1	1	1	1	1	1	1	1	1	1	1	1
Bladder_cancer	0.0313173795437	1	1	1	1	0.0111036671987	1	1	1	0.0829211524391	1	1	1	1	1	0.000735735661588	1	1	1	1	1	1	1	1	1	1	1	0.0190936241171	1	1	1	1	1	0.0825064248494	1	1	1	1	1	0.0603352294711	1	1	1	1	1	1	1	1	1	1	1	1	1	1	1	0.0135020647137	1	1	1	1	1	1	1	1	1	1	1	1	0.0313173795437	1	1	1	1	0.0386492028912	1	1	1	1	0.0712632875505	1	1	1	1	1	1	1	1	1	0.0721423273452	1	1	1	0.0939364770452	0.0681268880025	1	1	0.0114898895943	1	1	1	1	0.0681268880025	1	0.00315024450723	1	1	1	1	1	1	1	1	1	1	1	1	1	1	1	1	1	1	1	1	1	1
Calcium_signaling_pathway	1	1	1	1	1	1	1	1	1	1	1	1	1	1	1	1	1	1	1	1	1	1	1	1	1	1	1	1	1	1	1	1	1	1	1	1	1	1	1	1	1	1	1	1	1	1	1	1	1	1	1	1	1	1	1	1	1	1	1	1	1	1	1	1	1	1	1	1	1	1	1	1	1	1	1	1	1	1	1	1	1	1	1	1	1	0.0162225254097	1	1	1	1	1	1	1	1	1	1	1	1	1	1	0.042418481524	1	1	1	1	1	1	1	1	1	1	1	1	1	1	1	1	1	1	1	1	1	1	1	1	1
Cardiac_muscle_contraction	0.0901422762374	1	1	1	1	1	1	1	1	1	1	1	1	1	1	1	1	1	1	1	1	0.0536003345753	1	1	1	1	1	1	1	1	1	1	1	1	1	1	1	1	1	1	1	1	1	1	1	1	1	1	1	1	1	1	1	1	1	1	1	1	1	1	1	1	1	1	1	1	1	1	1	1	0.0044014337775	1	1	1	1	1	1	1	1	1	1	1	1	1	1	1	1	1	1	1	1	1	1	1	1	1	1	1	1	0.0981437170646	1	1	1	1	1	1	1	1	1	1	1	1	1	1	1	1	1	1	1	1	1	1	1	1	1	1
Cell_adhesion_molecules_(CAMs)	1	1	1	1	1	0.000516662992535	1	0.0602160441303	0.0236853179265	0.00595542654271	1	1	1	1	0.0463979624894	1	1	1	1	1	1	1	0.0153341570378	1	1	1	0.000508637016001	1	1	0.00150453704796	1	1	1	1	1	1	1	1	1	1	0.0183083523738	1	0.00492687572093	1	0.026088341342	0.00408444832478	0.0181304874144	0.029719271458	0.0255870589699	0.0497858967437	1	1	1	1	0.000695830440328	1	1	1	1	1	0.00107230053461	1	1	0.0853423342962	1	1	1	1	1	0.000331147298652	1	1	0.00287332545733	0.00288250067942	0.0191807394974	0.00922590249709	1	1	0.0924256055605	1	6.12111243092e-06	1	0.0899423336047	0.0704411400952	0.0516930880214	4.16208791229e-05	1	0.0373130873595	1	0.0385236639692	0.0353143356884	0.00495792887888	0.0620841523536	0.0495443464397	1	1	1	1	1	1	1	1	1	1	0.00495792887888	1	0.0196929494121	1	1	0.0301902991372	1	1	1	0.0143655054571	1	1	1	1	1	1	1	1	0.0982281617045	0.0351464221219	1	1
Cell_cycle	1	1	1	1	1	0.0451370095144	1	1	1	1	1	1	1	1	1	0.00627684624882	1	1	1	1	1	1	1	1	0.0354457900835	1	1	0.0881705827035	1	1	1	1	1	1	1	1	1	1	1	1	1	1	1	1	1	1	1	1	1	0.0395689765426	1	1	1	1	1	0.0968629040105	1	1	1	1	1	1	1	1	1	1	1	1	0.0484100705546	1	1	1	1	1	1	1	1	1	1	1	1	1	1	1	1	1	1	1	0.0095944929133	1	1	1	1	1	1	1	0.083913729838	1	1	1	1	1	1	0.025423110763	1	1	1	1	1	1	1	1	1	1	1	1	1	1	1	1	1	1	1	1	1	1
Chagas_disease_(American_trypanosomiasis)	0.0311089405021	1	0.0290809248522	1	1	0.0664104810117	1	1	1	0.000209577684191	1	0.0645813076272	1	1	1	1	1	1	1	1	0.00725018649257	0.0926233315041	1	1	1	1	1.27429322827e-06	0.0133167423882	1	1	1	1	1	1	1	0.00300062524629	0.00278093990049	0.0290809248522	1	1	0.00651390108446	0.000562458203211	1	1	7.33312296752e-06	1	1	0.060971885479	0.0952011514393	0.0252437793528	1	1	1	1	1	1	0.0981328612265	0.00999330165152	1	1	0.00383029676423	1	1	1	1	1	1	0.00738805776437	1	0.000241376168125	1	1	0.00192090307347	0.00439283209189	8.99977412039e-07	6.40642189137e-05	1	1	0.00969660649374	1	0.00287819454589	1	1	0.0436800176952	1	0.00362947532352	1	1	1	1	0.0884233198645	1	0.00139002089814	0.00399300430329	0.0282455907234	1	1	0.00207828337623	1	1	1	1	1	1	0.0032070421345	1	1	1	0.0699547799882	1	0.0376272072443	1	1	0.0353824545029	1	1	0.057028904138	1	1	1	1	1	1	1	1	1
Chemokine_signaling_pathway	1	1	1	1	0.0492886012435	1	1	1	1	1.38841721875e-05	1	1	1	1	1	1	1	1	1	1	0.0235005730228	1	1	1	0.081183243684	1	0.000159018759154	1	1	0.0865197867781	1	1	1	0.0647888478381	1	1	1	1	1	1	0.00199172459641	9.96671653333e-05	0.0182873659583	1	0.0603934180018	1	0.006701972157	1	0.0969951576514	0.0278858612203	1	1	1	1	0.00107687291947	1	0.0714562486014	0.00624347409317	1	1	0.0181095875151	0.00882564292749	0.082987163528	0.0564823919592	1	1	1	1	1	0.0797667953781	1	0.0326587689832	1.50194703579e-05	0.00532068244088	4.96943486983e-06	8.82246258023e-05	0.0643812368154	1	6.01659381472e-06	0.00833993825387	0.0231784581655	0.00210631443089	1	1	1	1	1	1	0.0492886012435	1	0.00389770266602	1	0.00359822251744	1	0.012829439086	0.00908510537555	1	0.00159188674357	1	0.00979386837063	1	0.0124467247919	1	1	2.16450114887e-06	1	1	1	1	1	1	0.0395039480562	1	1	1	1	1	1	1	0.0376775577991	0.0386503052631	0.0256453009016	1	0.0642808155105	1	1
Chronic_myeloid_leukemia	1	1	1	1	1	1	1	1	1	1	1	1	1	1	1	0.00221412766333	1	1	1	1	1	1	1	1	1	1	1	1	1	1	1	1	1	1	1	1	1	1	1	1	1	1	1	1	1	1	1	1	1	1	1	1	1	1	1	0.0380376964771	1	1	1	1	1	1	1	1	1	1	1	1	0.0841447377612	1	1	1	1	1	1	1	1	1	1	1	1	1	1	1	1	1	1	1	1	1	1	1	1	1	1	1	0.032591733922	1	1	1	1	1	1	0.00928285550301	1	1	1	1	1	1	1	1	1	1	1	1	1	1	1	1	1	1	1	1	1	1
Citrate_cycle_(TCA_cycle)	1	1	1	1	0.0394824349632	1	1	1	1	1	1	1	1	1	1	1	1	1	1	1	1	1	1	1	1	1	1	1	1	0.084118171918	1	1	1	1	1	1	0.0623721755169	1	1	1	1	1	1	1	1	1	1	1	1	1	1	1	1	1	1	1	1	1	1	1	0.0903266469333	1	1	1	1	1	1	1	1	1	1	1	1	1	1	0.0642920579162	1	1	0.0306862481481	1	1	1	1	1	1	1	1	1	1	0.0778332370619	1	1	0.00700243683974	1	1	1	1	0.0147051389114	1	1	1	1	1	1	1	1	1	1	1	1	1	1	1	1	1	1	1	1	1	1	1	1	1	1	1	1
Collecting_duct_acid_secretion	1	1	1	1	1	1	1	1	1	1	1	1	1	1	1	1	1	1	1	1	1	1	1	1	1	1	1	1	1	1	1	0.0674408690372	1	1	1	1	1	1	1	1	1	1	1	1	1	1	1	1	1	1	1	1	1	1	1	1	1	1	1	1	1	1	1	1	1	1	1	1	1	1	1	1	1	1	1	1	1	1	1	1	1	1	1	1	1	1	1	1	1	1	1	1	1	1	1	1	1	1	1	1	1	1	1	1	1	1	1	1	1	1	1	1	1	1	1	1	1	1	1	1	1	1	1	1	1	1
Colorectal_cancer	1	1	1	1	1	1	1	1	1	1	1	1	1	1	1	1	1	1	1	1	1	1	1	1	1	1	1	1	1	1	1	1	1	1	1	1	1	1	1	1	1	1	1	1	1	1	1	1	1	1	1	1	1	1	1	1	1	1	1	1	1	1	1	1	1	1	1	1	0.0633367150833	1	1	1	1	1	1	1	1	1	1	1	1	1	1	1	1	1	1	1	1	1	1	1	1	1	1	1	1	1	1	1	1	1	1	1	1	1	1	1	1	1	0.072142327343	1	1	1	1	1	1	1	1	1	1	1	1	1	1	1
Complement_and_coagulation_cascades	1	1	1	1	1	0.0559278995753	1	1	1	1	1	0.00292988364837	1	0.00116038157961	1	1	1	1	0.00464514733594	1	1	0.0450618590803	1	1	0.0468483695907	1	0.00182430866891	0.0141382193717	1	1	1	0.0955877488506	1	0.0436203324826	1	0.00133019781107	1	1	1	1	0.000896833226693	0.00488904008604	1	1	0.000289053472422	1	1	1	1	0.00840380507212	1	1	1	0.0318007587042	1	1	1	0.00129744751391	0.09759569076	1	0.00299673546318	0.0797806530051	1	1	1	1	1	0.00232410084958	0.0763539914126	0.00161830262595	1	1	1	0.00491433000438	0.0121635189083	0.00797845964458	1	1	1	1	0.000247369797252	1	1	1	1	0.0184420859172	1	1	1	1	1	1	1	0.000640680220239	1	1	1	1	1	1	1	0.0051924943617	1	1	1	1	1	1	0.0251396164143	1	1	1	1	1	1	1	1	1	1	1	1	1	1	1	0.0729763966265	1
Cysteine_and_methionine_metabolism	1	1	1	1	0.0549350279741	1	1	1	1	1	1	1	1	1	1	1	1	1	1	1	0.0663748761734	1	1	1	1	1	1	1	1	1	1	1	1	0.00774832804746	1	1	1	1	1	1	1	1	1	1	1	1	1	1	1	1	0.0285036472652	1	1	1	1	1	1	1	1	1	1	1	1	1	0.0257995232786	1	1	1	1	0.054786142154	1	1	1	1	1	1	1	1	1	1	1	1	0.00867449796368	1	1	1	1	0.0857800043285	1	1	1	1	1	1	1	1	1	1	1	1	1	1	1	1	1	1	1	1	1	1	1	1	1	1	1	1	1	1	1	0.0803281780782	1	1	1	1	1	1
Cytokine-cytokine_receptor_interaction	0.00163333306939	1	0.00675946353814	1	0.000421698634161	0.00971547347995	1	1	1	4.20809465496e-07	1	1	1	1	0.0725301223357	1	1	1	1	1	0.00374667037222	1	1	1	0.00218705462019	1	1.82255357806e-06	1	1	0.0279938254572	1	1	1	0.0314856432893	1	1	1	0.0921734230826	1	1	2.23877345662e-06	1.00717582407e-05	0.000168879968437	1	0.0362159631665	0.0457881466491	0.000256612454369	0.0270261116192	0.0333603442441	0.000163817060895	0.00371518032455	0.0247822709789	0.0804382697422	1	0.0271971220317	1	1	0.00250696832811	0.00381913280854	1	0.000510510829597	0.00190440768196	1	0.0519247624203	1	0.0841936911676	1	0.0186867187196	0.0304279276392	0.00040205290141	1	0.00260513634467	0.00021981932767	5.77211563754e-05	7.54440829805e-05	1.6824287119e-07	0.00110264126411	1	5.76489056492e-09	0.000608025384516	0.0011321861631	0.000504042253933	0.0183255892458	0.0525420712168	1	1	1	0.0280826746973	1.71986521983e-05	0.00791933050333	0.00290799716465	1	0.000488827540416	0.0537438249988	0.012223188715	0.00560819549784	1	0.00212398397787	0.0104782443451	0.00982764547304	1	6.5653442787e-05	1	1	0.001617863444	1	0.0519247624203	1	1	1	0.00255011325476	0.0728400202872	1	0.000424466691534	1	1	1	0.0864296104836	1	0.000644060482401	0.0153438639721	1	1	1	0.00139326128516	1
Cytosolic_DNA-sensing_pathway	1	1	0.00727087899137	1	1	1	1	1	1	0.0174670385781	1	1	1	1	1	1	1	1	1	1	0.00583682216462	1	1	1	1	1	2.95536444778e-05	1	1	0.0175478822414	1	1	1	1	1	1	0.051900647064	0.0604896122123	1	1	0.0577626404106	1	0.00168932405105	1	1	0.0135731765527	0.000733792452607	0.016292953248	0.00356571503316	1	1	1	0.016292953248	1	0.0308101876444	1	1	1	1	1	1	1	1	1	1	1	1	1	1	0.0372472312913	1	1	0.0112683504265	1	0.00142383722764	0.000252618816693	0.0876279799938	1	0.0535380616125	0.000358385323754	0.00540072645681	0.00960358620108	0.013132371318	0.0167123105894	1	1	1	1	1	0.000194766449675	0.00047608287257	0.00338700447532	0.00101098881112	0.0250456283129	0.00341112209078	1	1	0.0923960714943	1	1	1	1	1	1	0.00338700447532	1	1	1	1	0.00676348264947	1	1	1	0.0691642920396	1	1	0.0221239917939	1	1	0.0472367038724	0.0229201658938	1	1	1	1	1
Dilated_cardiomyopathy	1	1	0.0199541884796	1	1	1	1	1	1	1	1	1	1	1	1	1	1	1	1	1	1	1	0.00493937072802	1	1	1	1	1	1	1	1	1	1	1	0.00052565904809	1	1	1	1	1	1	0.0612369216931	1	1	1	1	1	1	1	1	1	1	1	1	1	1	1	1	1	1	1	1	0.0214291873646	1	1	1	1	1	1	1	1	1	1	1	1	1	1	1	1	1	1	1	1	0.0335472833306	1	1	1	1	1	1	1	1	1	1	1	0.0595283350269	1	1	1	1	1	1	0.0595283350269	1	1	1	1	1	1	1	1	1	0.0116792927187	1	1	1	1	1	0.000116585181827	1	1	1	1	1	1	1
Dorso-ventral_axis_formation	0.0108192342428	1	1	1	1	1	1	1	1	1	1	1	1	1	1	1	1	1	1	1	1	1	1	1	1	1	1	1	1	1	1	1	1	1	1	1	1	1	1	1	1	1	1	1	1	1	1	1	1	1	1	1	1	1	1	1	1	1	1	1	1	1	1	1	1	1	1	1	1	1	1	1	1	1	1	1	1	1	1	1	1	1	1	1	1	1	1	1	1	1	1	1	1	1	1	1	1	1	1	1	1	1	1	1	1	1	1	1	1	1	1	1	1	1	1	1	1	1	1	1	1	1	1	1	1	1
Drug_metabolism_-_cytochrome_P450	1	0.0277150568189	1	1	1	1	1	1	1	1	1	1	1	1	1	1	1	1	1	1	1	1	1	1	1	1	1	1	1	1	1	1	1	1	1	1	1	1	1	1	1	1	1	1	1	1	1	1	1	1	1	1	1	1	1	1	1	1	1	1	1	1	1	1	1	1	1	1	1	1	1	1	1	1	1	1	1	1	1	1	1	1	1	1	1	1	1	1	1	1	1	1	1	1	1	1	1	1	1	1	1	1	1	1	1	1	1	1	1	1	1	1	1	1	1	1	1	1	1	1	1	1	1	1	1	1
Drug_metabolism_-_other_enzymes	1	1	1	1	1	1	1	1	1	1	1	1	1	1	1	1	1	1	1	1	1	1	1	1	1	1	1	1	1	1	1	1	1	1	1	1	1	1	1	1	1	1	1	1	1	1	1	1	1	1	1	1	1	1	1	1	1	1	1	1	1	1	1	1	1	1	1	1	1	1	1	1	1	1	1	1	1	1	1	1	1	1	1	1	1	1	1	1	1	1	1	1	1	1	1	1	1	1	1	0.0506452993294	1	1	1	1	1	1	1	1	1	1	1	1	1	1	1	1	1	1	1	1	1	1	1	1	1	1
ECM-receptor_interaction	1	1	1	1	1	1	1	1	1	1	1	1	1	1	1	1	1	1	1	1	1	1	1	1	1	1	1	1	1	1	1	1	1	1	1	1	1	1	1	1	1	1	1	1	1	1	1	1	1	1	1	1	1	1	1	1	1	1	1	1	1	1	1	1	1	1	1	1	1	1	1	1	1	1	1	1	1	1	1	1	1	1	1	1	1	1	1	1	1	1	1	1	1	1	1	1	1	1	1	1	1	1	1	1	1	1	1	1	1	1	1	1	1	1	1	1	1	1	1	1	1	1	1	0.0148925763218	1	1
Endocrine_and_other_factor-regulated_calcium_reabsorption	1	1	0.0396306594533	1	1	1	1	1	1	1	1	0.0809230931608	1	1	1	1	1	1	1	1	1	1	1	1	1	1	1	1	1	1	1	1	1	1	1	1	1	1	1	1	1	1	1	1	1	1	1	1	1	1	0.0619641604444	1	1	1	1	1	1	1	1	1	1	1	1	1	1	1	1	1	1	1	1	1	1	1	1	1	1	1	1	1	1	0.0475311492068	1	1	1	1	1	1	1	1	1	1	1	0.0889748218898	1	1	1	1	1	1	1	1	1	1	1	1	1	1	1	1	1	1	1	1	1	1	1	1	1	1	1	1	1	1	1	1
Endocytosis	1	1	1	1	1	1	1	1	1	1	1	1	1	1	1	1	1	1	1	1	1	1	1	1	1	1	1	1	1	1	1	1	1	1	1	1	1	1	1	1	1	1	1	1	1	1	1	1	1	1	1	1	1	1	1	1	1	1	1	1	1	1	1	1	1	0.0433393421889	1	1	1	1	1	1	1	1	1	1	1	1	1	1	1	1	1	1	1	1	1	1	1	1	1	1	1	1	1	1	1	1	1	1	1	1	1	1	1	1	0.0686991812812	0.0364795548039	1	1	1	1	1	1	1	1	1	1	1	1	1	1	1	1	1	1
Epithelial_cell_signaling_in_Helicobacter_pylori_infection	1	1	1	1	1	1	1	1	1	0.0813120588145	1	1	1	1	1	1	1	1	1	1	0.0436203324811	1	1	1	1	1	0.0695582828357	1	1	0.0938160489087	1	1	1	1	1	1	1	1	1	1	1	1	1	1	0.0400686149907	1	1	1	1	1	1	1	1	1	1	1	1	1	1	1	1	1	1	1	1	1	1	1	1	1	1	1	0.0590218856246	1	1	1	1	1	1	1	1	0.0825064248463	1	0.019353901958	1	1	1	1	1	1	1	1	0.0946939188053	1	1	1	1	1	1	1	1	1	1	1	1	1	1	1	1	1	1	1	1	1	1	1	1	1	1	1	1	1	1	1	1	1
Ether_lipid_metabolism	1	1	1	1	1	1	1	1	1	1	1	1	1	1	1	1	1	1	1	1	1	1	1	1	1	1	1	0.0857800043285	1	1	1	1	1	1	1	1	1	1	1	1	1	1	1	1	1	1	1	1	1	1	1	1	1	1	1	1	0.0142739899883	1	1	1	1	1	1	1	1	1	1	1	1	1	1	1	1	1	1	1	1	1	1	1	1	1	1	1	1	1	1	1	1	1	1	1	1	1	1	1	1	1	1	1	1	1	1	1	1	1	1	1	1	1	1	1	1	1	1	1	1	1	1	1	1	1	1	1	1	1
Fat_digestion_and_absorption	1	1	1	1	1	1	0.0442460485332	1	1	1	1	1	1	1	1	1	1	1	1	1	1	1	1	1	1	1	1	1	1	1	1	1	1	1	1	1	1	1	1	1	1	1	1	1	1	1	1	0.0600753567699	1	1	1	1	1	1	1	1	1	1	1	1	1	1	1	1	1	1	1	1	1	1	1	1	1	1	1	1	1	1	1	1	1	1	1	1	1	1	1	1	1	1	1	1	1	1	1	1	1	1	1	1	1	1	1	1	1	1	1	1	1	1	1	1	1	1	1	1	1	1	1	1	1	1	1	1	1	1
Fatty_acid_metabolism	1	1	1	0.0516801861119	1	1	0.0408128760406	1	1	1	1	1	1	1	1	1	1	1	1	1	1	1	1	1	1	1	0.0561509793718	1	1	1	1	1	1	1	1	1	1	1	1	1	1	1	1	1	1	1	1	1	1	1	1	1	1	1	1	1	1	1	1	1	1	1	1	1	1	1	1	1	1	1	1	1	1	1	1	1	1	1	1	1	1	1	1	1	1	1	1	1	1	1	1	1	1	1	1	1	1	1	1	1	1	1	1	1	1	1	1	1	1	1	1	1	1	1	1	1	1	1	1	1	1	1	1	1	1	1
Fc_gamma_R-mediated_phagocytosis	1	1	1	1	1	1	1	1	1	1	1	1	1	0.000419214215837	1	1	1	1	1	1	1	1	1	1	1	1	1	0.0400036616977	1	0.0672519235217	1	0.0631723961589	1	0.09381604891	1	1	0.0400036616977	1	1	1	0.0257049491501	1	1	1	1	1	1	1	1	1	1	1	1	1	0.0205343133427	0.0610738428301	1	0.0261015085784	1	1	0.0528121360939	1	1	1	1	1	1	1	1	0.0364275977653	1	1	1	0.0259823337503	1	0.022430132027	1	1	1	1	1	1	1	1	1	1	1	1	1	1	1	1	0.09912319306	1	0.0714658869204	1	1	0.0242390847528	1	1	1	1	1	1	0.0757046507629	1	1	1	1	1	1	1	1	1	1	1	1	1	1	1	0.0140125689092	1	1	1	1	1
Focal_adhesion	1	1	1	1	1	1	1	1	1	1	1	1	1	1	1	1	1	1	1	1	1	1	0.0422782828429	1	1	1	1	1	1	1	1	0.0982789050865	1	1	0.0523298919442	1	1	1	1	1	1	1	1	1	1	1	1	1	1	1	1	1	1	1	1	1	1	1	1	1	1	1	1	1	1	1	1	1	1	1	1	1	1	1	1	1	1	1	1	1	1	1	1	1	1	1	1	1	1	1	1	1	1	1	1	0.0576358751201	1	1	1	1	1	1	1	1	1	1	1	1	1	1	1	1	0.0523298919442	1	1	1	1	1	0.0218567787893	1	1	1	1	1	1	1
Folate_biosynthesis	1	1	1	1	1	1	1	1	1	1	1	1	1	1	1	1	1	1	1	1	1	1	1	1	1	1	1	1	1	1	1	1	1	1	1	1	1	1	1	1	1	1	1	1	1	1	1	1	1	1	1	1	1	1	1	1	1	1	1	1	1	1	1	1	1	1	1	1	1	0.0937736663302	1	1	1	1	1	1	1	1	1	1	1	1	1	1	1	1	1	1	1	1	1	1	1	1	1	1	1	1	1	1	1	1	1	1	1	1	1	1	1	1	1	1	1	1	1	1	1	1	1	1	1	1	1	1	1	1
Fructose_and_mannose_metabolism	1	1	1	1	1	1	1	1	1	1	1	1	1	1	1	1	1	1	1	1	1	1	1	1	1	1	1	1	1	1	1	1	1	1	1	1	0.0857800043285	1	1	1	1	1	1	1	1	1	1	1	1	1	1	1	1	1	1	1	1	1	1	1	1	1	1	1	1	1	1	1	1	1	1	1	1	1	1	1	1	1	1	1	1	1	1	1	1	1	1	1	1	1	1	1	1	1	1	1	1	1	1	1	1	1	1	1	1	1	1	1	1	1	1	1	1	1	1	1	1	1	1	1	1	1	1	1	1	1
Gap_junction	1	1	1	1	1	1	1	1	1	1	0.020983794732	1	1	1	1	1	1	0.0646024058343	1	1	1	1	0.000350354891945	1	0.0986349409902	1	1	1	1	1	1	0.013055670827	1	1	1	1	1	1	1	0.00148511547446	1	1	1	1	1	1	1	1	1	1	1	1	1	1	1	1	1	1	1	1	1	1	1	1	1	1	1	1	1	1	1	1	1	1	1	1	1	1	1	1	1	1	1	1	0.0237480340567	1	1	1	1	1	1	1	1	1	1	1	1	1	1	1	1	1	0.0068014819285	1	1	1	1	1	0.0479697956566	1	0.0252516691915	1	0.000508660096197	1	1	1	1	1	1	1	1	1	1	1	1	0.00763118571744
Gastric_acid_secretion	1	1	1	1	1	1	1	1	1	1	1	1	1	1	1	1	1	1	1	1	1	1	1	1	1	1	1	1	1	1	1	1	1	1	1	1	1	1	1	1	1	1	1	1	1	1	1	1	1	0.0749926857882	1	1	1	1	1	1	1	1	1	1	1	1	1	1	1	1	1	1	0.0861296556358	1	1	1	1	0.0757526444303	1	1	1	1	1	1	1	1	1	1	1	0.0210419575277	1	1	1	1	1	1	1	1	1	1	1	1	1	1	1	1	1	1	1	1	1	1	1	1	1	1	1	1	1	1	1	1	1	1	1	1	1	1	1	1
Glioma	1	1	1	1	1	0.0466388670272	1	1	1	1	1	1	1	1	1	0.00175884180159	1	1	1	1	1	1	1	1	1	1	1	1	1	1	1	1	1	0.0375440316604	1	1	1	1	1	0.0236589404918	1	1	1	1	1	1	1	1	1	1	1	1	1	1	1	0.0307334996883	1	1	1	1	1	1	1	0.088183433321	1	1	1	1	0.0089069323183	1	1	1	1	0.0482001214739	1	1	1	1	0.0617010624689	1	1	1	1	1	1	0.0164696113703	1	0.0115333718733	1	1	1	1	1	1	1	1	0.026287049226	1	1	1	1	0.0283132296192	1	0.00741418078205	1	1	1	1	1	1	1	1	1	1	1	1	1	1	1	1	1	1	1	1	1	1
Glutamatergic_synapse	1	1	0.0462759163187	1	1	1	1	1	1	1	1	1	1	1	1	1	1	1	1	1	1	1	1	1	1	1	1	1	1	1	1	1	1	1	1	1	1	1	1	1	1	1	1	1	1	1	1	1	1	1	1	1	1	1	1	1	1	1	1	1	1	1	1	1	1	1	1	1	1	1	1	1	1	1	1	1	1	1	1	1	1	1	1	1	1	1	1	1	1	1	1	1	1	1	1	1	1	1	1	1	1	1	1	1	1	1	1	1	1	1	1	1	1	1	1	1	1	1	1	1	1	1	1	1	1	1
Glutathione_metabolism	1	0.00954825321195	1	1	0.0146302075541	1	1	1	1	1	1	0.0809230931608	1	1	1	1	1	1	1	1	1	1	1	1	1	0.00426870581251	0.0773422407622	1	1	1	1	1	1	1	1	1	1	1	1	1	1	1	1	1	1	1	1	0.0671565785284	0.047808353593	1	0.0619641604444	1	1	1	1	1	1	0.0106823079168	1	1	0.00161906334696	1	1	1	1	1	1	1	1	0.0130063646249	1	1	1	0.0621635333487	0.074843042495	0.0372347824281	0.0581373931254	1	0.0254843177109	1	0.0121517543076	0.0475311492068	1	1	1	1	1	0.00425150847842	1	1	1	1	0.0371563273753	1	1	1	1	1	1	1	0.00357625031671	0.0889748218898	1	1	0.0286454387217	1	1	1	0.0100513079432	1	1	1	1	1	1	1	1	1	1	1	1	1	1	1	1	1
Glycerolipid_metabolism	1	1	1	1	1	0.0229014224857	1	1	1	1	0.00750286748452	1	1	0.0484435251935	1	1	1	1	1	1	1	0.0268129165531	1	1	1	1	0.0917222577833	1	1	1	1	0.00893887242773	1	1	1	1	1	1	1	0.0130539797675	0.0816799640429	1	1	1	1	1	1	1	1	1	1	1	1	1	1	0.0202621778838	1	1	1	1	0.037153815022	1	1	1	1	1	1	1	1	1	1	1	1	1	1	1	1	1	1	1	0.069922014365	1	1	1	1	1	1	1	1	1	1	1	1	1	1	1	0.0172809632147	1	1	1	1	1	1	1	1	1	1	1	0.0822436827835	1	1	1	1	1	1	1	1	1	1	1	0.0929331851887	1	1	1	1	1
Glycine,_serine_and_threonine_metabolism	1	1	1	1	0.0444206708346	1	1	1	1	1	1	1	1	1	0.00085487053053	1	1	1	1	1	1	1	1	1	1	1	1	1	1	0.0939703752533	1	1	1	1	1	1	0.0699006799347	1	1	1	1	1	1	1	1	0.082455329797	1	1	1	1	0.00270695646499	1	1	1	1	1	1	1	1	1	1	1	1	1	1	1	1	1	1	1	1	1	0.032313543854	1	1	1	1	1	1	1	1	1	0.0355949047152	1	1	1	1	0.00909007752345	0.0444206708346	0.00388775001953	1	1	1	1	0.0973437037911	1	1	1	0.0113807527194	1	1	1	1	1	1	1	0.00178615080112	1	1	1	1	1	1	1	0.000182958410969	1	1	1	1	1	1	1	0.00677800090715	1	1	1
Glycolysis_/_Gluconeogenesis	1	1	1	1	1	1	1	1	1	1	1	1	1	1	1	1	1	1	1	1	1	1	1	1	1	1	1	1	1	1	1	1	1	1	1	1	0.0582509308636	1	1	1	1	1	1	1	1	1	1	1	1	1	1	1	1	1	1	1	1	1	1	1	1	1	1	1	1	1	1	1	1	1	1	1	1	1	1	1	1	1	1	1	1	1	1	1	1	1	1	1	1	1	1	1	1	1	1	1	1	1	1	1	1	1	1	1	1	1	1	1	1	1	1	1	1	1	1	1	1	1	1	1	1	1	1	1	1	1
Glycosphingolipid_biosynthesis_-_ganglio_series	1	1	1	1	1	1	1	1	1	1	1	1	1	1	1	1	1	1	1	1	1	1	1	1	1	1	1	1	1	1	1	1	1	1	1	1	1	1	1	1	1	1	1	1	1	1	1	1	1	1	1	1	1	1	1	1	1	1	1	1	1	1	1	1	1	1	1	1	1	1	1	1	1	1	1	1	1	1	1	1	1	1	1	1	1	1	1	1	1	1	1	1	0.0560683301241	1	1	1	1	1	1	1	1	1	1	1	1	1	1	1	1	1	1	1	1	1	1	1	1	1	1	1	1	1	1	1	1	1
Glyoxylate_and_dicarboxylate_metabolism	1	1	1	1	1	1	1	1	1	1	1	1	1	1	1	1	1	1	1	1	1	1	1	1	1	1	1	1	1	1	1	0.0322051350073	1	1	1	1	1	1	1	1	1	1	1	1	1	1	1	1	1	1	1	1	1	1	1	1	1	0.0395300164386	1	1	1	1	1	1	1	1	1	1	1	1	1	1	1	1	0.0496818796003	1	1	1	1	1	1	1	1	1	1	1	1	1	1	1	1	1	1	1	1	1	1	1	1	1	1	1	1	1	0.0673195893417	1	1	1	1	1	1	1	1	1	1	1	1	1	1	1	1	1	1	1	1	1
GnRH_signaling_pathway	1	1	1	1	0.0903310174589	1	1	1	1	1	1	1	1	1	1	1	1	1	1	1	1	1	1	1	1	1	1	1	1	1	1	1	1	1	1	1	1	1	1	1	1	1	1	1	1	1	1	1	1	1	1	1	1	1	1	1	1	1	1	1	1	1	1	1	1	1	1	1	1	1	1	1	1	1	0.0519354212682	1	1	1	0.0282337921397	1	1	1	1	1	1	0.0374732679729	1	1	1	1	1	1	1	1	1	1	1	1	1	1	1	1	1	1	1	1	1	1	1	1	1	1	1	1	1	1	1	1	1	1	1	1	1	1	1	1
Graft-versus-host_disease	1	1	1	0.0495896582084	1	2.31486314162e-06	1	0.0794071736563	1	0.0876090974334	1	1	1	1	1	1	1	1	1	1	1	0.0187649812538	1	1	1	1	8.80029202843e-08	1	1	5.75508775243e-05	1	1	1	1	1	1	1	0.0311746160894	1	0.0629007419783	0.0115240562068	0.00894292272006	1	1	0.00105489591277	0.00041447277957	0.020415218995	0.00596571283413	0.0343786892395	1	1	1	1	1	6.4378070338e-06	1	1	1	1	1	1.98202842805e-07	0.0342733458773	1	1	1	1	1	0.0120218351267	1	4.002364666e-05	1	1	0.000313095007065	4.48839301215e-06	0.0015742106004	0.00127904044586	1	1	0.00284598819514	0.0341877737514	3.36303562776e-09	1	0.0740629568041	1	0.00588990340442	1.32360830407e-07	1	1	1	0.054820551469	1	0.00333171624672	0.0243565689961	0.000902845833343	1	1	1	1	1	1	1	1	1	1	0.000486413084454	1	0.00419066409876	1	1	0.00330016505702	1	1	1	1	1	1	1	1	1	0.0183743930694	1	1	1	1	1	1
Hematopoietic_cell_lineage	0.00259629567359	0.0445243790769	1	1	0.0653814119776	0.00232456958102	1	1	1	0.00132157051079	1	1	1	1	0.0961445447342	1	1	0.0628745618829	1	1	0.000536812373628	0.0694445944149	1	1	1	1	1.94368976469e-08	1	1	7.75101569037e-05	0.00215640322397	1	1	0.0176295992758	1	1	0.00671195592503	0.0188040602066	1	0.0510434310565	0.00012790260564	0.00178647271892	1	1	0.000732620169066	0.0424108246087	0.0204745838909	1	1	1	0.0802014722457	1	1	1	1	1	1	0.0194325462841	1	0.0205424142903	2.244789858e-06	1	1	1	1	1	1	0.0458268762219	1	8.82718619089e-06	1	1	0.0436083154403	0.00138870454045	0.00183271637319	0.00158023860191	1	1	2.90093165596e-05	1	4.52121340366e-10	0.0245203886219	1	1	1	0.0290782410077	0.00746564710918	1	0.0653814119776	0.0742629197455	0.0499516439434	0.0582491251168	0.00186780973207	0.00192618135687	1	1	0.0458268762219	0.066178193835	1	1	1	0.0604139105816	1	1	0.0582491251168	1	1	1	1	0.0132933872387	1	1	1	1	1	1	1	1	1	0.00571265657004	1	1	1	1	0.0188040602066	1
Hepatitis_C	1	1	1	1	1	1	1	1	1	1	1	0.0225948833942	1	1	1	1	1	1	1	0.0351464221219	1	1	1	1	1	1	1	1	1	1	1	1	1	1	1	1	1	1	0.0212152157263	1	1	1	0.00151643461883	1	1	0.000178318612047	0.000464163983088	0.00105704865391	7.88346572257e-05	1	0.00358766951204	1	1	1	1	1	1	1	1	1	1	1	1	0.0853423342962	1	1	1	1	1	1	1	1	0.000752835921296	1	1	0.0868593824225	1	1	1	0.0161089583529	1	1	0.00101204586649	1	1	1	1	1	1	0.00191805009716	0.00024852744931	0.0431708429866	0.0242353930743	1	1	1	1	1	1	1	1	1	1	1	1	1	1	1	1	1	1	1	1	0.0684531777541	1	1	0.0910199873906	1	1	1	1	1	1	1	1	1
Histidine_metabolism	1	1	1	1	1	1	1	1	1	1	1	1	1	1	1	1	1	1	1	1	1	0.00940443786195	1	1	1	1	1	1	1	1	1	1	1	1	1	1	1	1	1	1	1	1	1	1	1	1	1	1	1	1	1	1	1	1	1	1	1	1	1	1	1	1	1	1	1	1	1	1	1	1	1	1	1	1	1	1	1	1	1	1	1	1	1	1	1	1	1	1	1	1	1	1	1	1	1	1	1	1	1	1	1	1	1	1	1	1	1	1	1	1	1	1	1	1	1	1	1	1	1	1	1	1	1	1	1	1
Huntington's_disease	1	1	1	1	1	1	1	0.0483472406675	1	1	1	1	1	1	1	1	1	1	1	1	1	1	1	1	1	1	1	1	1	1	1	1	1	1	1	1	1	1	1	1	1	1	1	1	1	1	1	1	1	1	1	1	0.0734452088117	1	1	1	1	0.0429199499776	1	1	1	1	1	0.0504426715703	1	1	1	1	1	1	1	1	1	1	1	1	0.0147984362584	1	1	1	1	1	1	1	1	1	1	1	1	1	1	1	1	1	1	1	1	1	1	1	1	1	1	1	1	1	1	1	1	1	1	1	1	1	1	1	1	1	1	1	1	1	1	1	1	1
Hypertrophic_cardiomyopathy_(HCM)	1	1	1	1	1	1	1	1	1	1	1	1	1	1	1	1	1	1	1	1	1	1	0.00393265632295	1	1	1	1	1	1	1	1	1	1	1	0.000414088097199	1	1	1	1	1	1	0.0502807175372	1	1	1	1	1	1	1	1	1	1	1	1	1	1	1	1	1	1	1	1	1	1	1	1	1	1	1	1	1	1	1	1	1	1	1	1	1	1	1	1	1	0.0288889191828	1	1	1	1	1	1	1	1	1	1	1	0.0515372164656	1	1	1	1	1	1	0.0515372164656	1	1	1	1	1	1	1	1	1	0.00999503069252	1	1	1	1	1	9.15108874702e-05	1	1	1	1	1	1	1
Insulin_signaling_pathway	1	1	1	1	1	1	1	1	1	1	1	1	1	1	1	1	1	1	1	1	1	1	1	1	1	1	1	1	1	1	1	1	1	1	1	1	0.0113067241923	1	1	1	1	1	1	1	1	1	1	1	1	1	1	1	1	1	0.0672342619632	1	1	1	1	1	1	1	1	1	1	1	1	1	1	1	1	1	1	1	1	1	1	1	1	1	1	1	1	1	1	0.0664768112073	1	1	1	1	1	1	1	1	1	1	1	1	1	1	1	1	1	1	1	1	1	1	1	1	1	1	1	1	1	1	1	1	1	1	1	1	1	1	1	1
Intestinal_immune_network_for_IgA_production	1	1	1	1	0.0876279799957	4.67807422533e-05	0.0460018587278	0.0924992584369	1	1	1	1	1	1	0.00262894249169	1	1	1	1	1	1	0.0221927613437	1	1	0.0650541744635	1	1.78800691278e-05	1	1	9.62202176845e-05	1	1	1	1	1	1	1	0.0367234241293	1	0.0735213132192	0.0174992612258	0.0804759640572	0.0099955498495	1	0.00136847418185	5.16100562442e-06	0.00554301644226	0.000683723946587	0.00102910399582	1	1	1	1	1	0.000152406469871	1	1	1	1	1	4.48974658607e-06	0.00385913200996	1	0.0499311289234	0.0421946967992	1	1	1	1	1.26847957591e-05	1	1	0.000513240586726	0.000504304838842	0.0142148037093	0.00232235747684	0.0539778290068	1	0.0222166203577	0.0452697611558	1.31039554097e-07	1	0.0912413840447	1	0.00700632950864	2.09368458681e-07	1	0.00365334083628	1	0.0197697329822	0.0216832361735	1	1	0.0119570310352	1	1	1	1	1	1	1	1	1	1	0.0250046016048	1	1	1	1	1	1	1	1	0.000293771473389	1	1	1	1	1	0.0232617790568	1	1	1	1	1	1
Jak-STAT_signaling_pathway	0.0839373556752	1	0.0175381157674	1	1	1	1	1	1	0.0372417593419	1	1	1	1	1	1	1	1	1	1	1	1	1	1	1	1	1	1	1	1	1	1	1	0.0320088843971	1	1	0.00511045997149	1	1	1	1	1	0.0737475651728	1	1	1	0.0372417593419	1	0.0454669476827	1	1	1	1	1	1	1	1	1	1	1	1	1	1	1	1	1	1	1	1	0.0225889891523	1	1	1	1	1	0.0549188779401	1	1	0.00944928883952	0.0353614023147	1	1	1	1	1	1	1	1	0.0817735349139	1	1	0.0783322646899	1	0.0743832120901	1	1	1	1	1	1	1	1	1	1	1	1	1	1	1	1	1	1	1	0.0226374975804	1	1	1	1	1	0.0531789530668	1	1	1	1	1	1
Leishmaniasis	1	0.0267431524638	0.0785644563103	1	1	2.22970612418e-07	1	1	1	0.0311387504189	1	0.0619911335975	1	0.00136076594923	0.0680556587734	1	1	1	1	1	0.0521238264146	0.000391478448691	1	1	0.0134908614089	1	7.85498976974e-09	0.016318848366	1	1.48214873708e-08	1	1	1	1	1	1	0.0744131584225	0.0785644563103	1	0.000566050220497	1.43626793455e-05	0.00568992204798	1	1	1.90085649139e-05	0.00428846028477	1	0.0241883964732	1	0.0715032378955	0.0104943092943	0.075006785752	1	1	6.94091949471e-08	0.00335025020347	1	0.00865825304731	0.0173610622174	1	1.73241536672e-07	0.00136076594923	1	1	0.0135032820235	1	1	0.00262534229926	1	7.28780127912e-07	1	1	0.000943581288583	1.99802321577e-07	1.45298389875e-07	1.23892813791e-05	1	1	0.001232913676	0.000993930477106	5.5825062254e-06	0.0933006830357	0.0813992144554	1	0.0159229423515	1.82303598195e-06	1	1	0.0399534747649	0.0100188412335	0.0813992144554	0.0280186596315	8.70568882563e-05	0.000779190165943	0.0306350246337	1	1	0.00146574109352	0.0517244808078	1	1	1	1	1	4.57223174497e-05	1	1	1	1	0.00903878373556	0.0144161391084	1	1	0.0895442761709	1	0.00215445022577	0.0292389947611	1	1	1	0.0337381504114	1	1	1	1	1
Leukocyte_transendothelial_migration	1	1	1	1	1	1	1	1	1	1	1	1	1	1	1	1	1	1	1	1	1	1	0.0102099027161	1	1	1	1	0.0049848288019	1	1	1	1	1	0.0104211200219	1	1	1	1	1	1	0.0781278323888	1	1	1	1	1	1	1	1	1	1	1	0.0806220627146	1	0.039982481806	1	1	1	1	1	1	1	1	0.0597708941806	1	1	1	1	1	1	1	1	1	1	1	1	1	1	1	1	0.0636861308632	1	1	1	0.0393733560759	1	1	0.0211742056104	1	1	1	1	1	1	1	0.0143554131122	1	1	1	1	1	1	0.0938602183203	1	1	1	1	0.0129320244961	1	1	1	1	0.0192504405455	1	1	1	1	1	0.000254573305528	1	1	1	1	1	1	1
Long-term_potentiation	1	1	1	1	0.0372145556278	1	1	1	1	1	1	1	1	1	1	1	1	1	1	1	1	1	1	1	1	1	1	1	1	1	1	1	1	1	1	1	1	1	1	1	1	1	1	1	1	1	1	1	1	1	1	1	1	1	1	1	1	1	1	1	1	1	1	1	1	1	1	1	1	1	1	1	1	1	1	1	1	1	0.0766795456687	1	1	1	1	1	1	0.0189502478473	1	0.0696085067908	1	1	1	1	1	1	1	1	1	1	1	1	1	1	1	1	1	1	1	1	1	1	1	1	1	1	1	1	1	1	1	1	1	1	1	1	1	1
Lysosome	1	1	1	1	0.0382843281837	1	1	0.00191138333932	0.0174106042409	0.00940798272093	1	1	1	1	0.0346085279	1	0.0418587968586	1	1	1	1	1	1	1	1	1	1	0.0822651629384	0.0371175349418	1	1	0.0119988543018	1	1	1	1	1	1	1	1	1	0.0327237086995	1	1	1	1	1	1	1	1	1	0.0398940102486	1	1	1	1	1	0.00127381340824	1	1	1	1	1	0.00216173039477	0.0516121581549	1	1	0.0111884793693	1	1	0.0108720511145	1	1	0.0317466695556	1	1	1	1	0.0209344546034	1	1	0.0104976063809	1	1	0.0418587968586	1	1	1	1	1	1	1	0.0368220780631	1	0.0145598753832	1	1	0.00486091127014	1	1	1	1	1	1	1	1	1	1	0.000778315946729	1	1	1	1	1	0.00865715029138	0.00598381759293	1	1	1	1	1	1	1	1	1	1
MAPK_signaling_pathway	1	1	1	1	1	1	1	1	1	1	1	1	1	1	1	1	1	1	1	1	1	1	1	1	1	1	1	1	1	1	1	1	1	1	1	1	1	1	1	1	1	1	1	1	1	1	1	1	1	1	1	1	1	1	1	1	1	1	1	1	1	1	1	1	1	1	1	1	1	1	1	1	1	1	1	1	1	1	1	1	1	1	1	1	1	1	1	1	1	1	1	1	1	1	1	1	1	1	1	1	1	1	1	1	1	1	1	0.0596283273517	1	1	1	1	0.0858697397326	1	1	1	0.0157940181066	1	1	1	1	1	1	1	1	1
Malaria	0.0446822206175	1	0.00420402595764	1	0.0162929532489	0.0214781617755	1	1	0.022603860542	2.81016865699e-05	0.00722493124476	1	1	1	1	1	1	1	1	1	0.0028799431986	1	1	1	1	1	0.00130041963694	1	1	1	1	1	1	1	1	1	0.0317560684341	1	1	1	0.0764787430318	0.00161595627874	0.055100140197	1	1	1	0.0356107940953	1	1	1	1	1	1	1	0.018479450807	1	1	0.0609718854805	1	1	1	1	1	0.0577766669331	1	1	1	1	1	0.0526689675514	1	1	0.00495241997838	0.0192445727216	0.0822364674031	0.00393936054936	0.0624053656997	1	0.0290271857908	1	0.00229946458826	1	0.0283448901598	1	1	1	0.00256099421793	0.0317560684341	1	0.0906307486664	0.0283448901598	0.0069850200368	0.00980423762	1	0.00966153360313	1	1	0.0114802948706	1	0.00521619082087	1	1	1	1	1	1	1	1	1	0.00461756293728	1	1	1	0.0489092851035	1	1	1	1	1	1	1	1	0.0166556878385	1	1	1
Measles	1	0.0328487647927	1	1	1	1	1	1	1	0.017414307353	1	0.0067769019727	1	1	0.0455567219536	1	1	1	1	0.00287064616999	0.0735488129518	1	1	1	1	1	0.0340295197792	1	1	1	1	1	1	0.0674887981215	1	1	0.00228365931196	1	1	1	0.038901517515	1	2.34861076065e-05	1	0.025593601213	4.46191182135e-06	4.51996217088e-06	1.75564316977e-05	2.00846935561e-06	1	0.00018188582388	1	1	1	1	1	1	0.0905938674895	1	1	1	1	0.0453045239498	1	1	0.0150340915132	1	0.0970091322144	1	0.000971126171734	1	1	0.000710532267828	0.0547285658198	0.018492420169	9.9495147754e-07	1	1	0.0353234360436	0.00165032314727	1	1	5.14292204654e-05	1	1	1	1	0.00987203380656	1	0.00015382167395	5.14292204654e-05	7.9089876068e-05	0.000689777360108	0.0118405250767	1	1	1	0.0294513167768	1	1	1	1	1	1	0.041748374099	1	0.0838941860932	1	1	1	1	1	1	1	1	1	0.0132928598831	1	1	1	0.0103017628163	1	1	1	1	1
Melanogenesis	1	1	1	1	1	1	1	1	1	1	1	1	1	1	1	1	1	1	1	1	1	1	1	1	1	1	1	1	1	1	1	1	1	1	1	1	1	1	1	1	1	1	1	1	1	1	1	1	1	1	1	1	1	1	1	1	1	1	1	1	1	1	1	1	1	1	1	1	1	1	1	1	1	1	1	1	1	1	1	1	1	1	1	1	1	0.0374732679729	1	1	1	1	1	1	1	1	1	1	1	1	1	1	1	1	1	1	1	1	1	1	1	1	1	1	1	1	1	1	1	1	1	1	1	1	1	1	1	1
Melanoma	1	1	1	1	1	1	1	1	1	1	1	1	1	1	1	0.00203746118401	1	1	1	1	1	1	1	1	1	1	1	1	1	1	1	1	1	1	1	1	1	1	1	1	1	1	1	1	1	1	1	1	1	1	1	1	1	1	1	0.0352260563065	1	1	1	1	1	1	1	1	1	1	1	1	0.0782787900707	1	1	1	1	1	1	1	1	1	1	1	1	1	1	1	1	1	1	1	1	1	1	1	1	1	1	1	0.0301627826662	1	1	1	1	1	1	0.00855957384083	1	1	1	1	1	1	1	1	1	1	1	1	1	1	1	1	1	1	1	1	1	1
Metabolism_of_xenobiotics_by_cytochrome_P450	1	0.00367759444607	1	1	1	1	1	1	1	1	1	1	1	1	1	1	1	1	1	1	1	1	1	1	1	1	1	1	1	1	1	1	1	1	1	1	1	1	1	1	1	1	1	1	1	1	1	1	1	1	1	1	1	1	1	1	1	1	1	1	1	1	1	1	1	1	1	1	1	1	1	1	1	1	1	1	1	1	1	1	1	1	1	1	1	1	1	1	1	1	1	1	1	1	1	1	1	1	1	1	1	1	1	1	1	1	1	1	1	1	1	1	1	1	1	1	1	1	1	1	1	1	1	1	1	1
Mineral_absorption	0.00452670816089	1	0.00420402595764	0.0671565785297	1	1	1	0.0177333372951	1	1	1	0.0888342641559	0.00109863553188	1	1	1	1	0.00182939859319	1	1	1	0.0258599094176	1	1	1	1	3.56028854156e-05	0.0317560684341	1	0.00899041074301	1	1	1	1	1	1	3.29993468107e-07	0.0426229635633	1	0.000110639722967	0.00713279208609	1.00719926391e-05	0.055100140197	1	1	1	1	1	1	1	0.0682292840383	1	4.24400235666e-06	3.7897255889e-08	1	1	1	1	1	1	0.00915835365182	0.0467779146559	1	1	1.39587108539e-09	3.95807977316e-05	1	1	1	1	1	1	1	1.95955989202e-05	0.000499084034644	0.000957617619052	1	1	0.0290271857908	1	1	0.0510755813813	1	1	1	1	1	1	0.00194313495335	1	0.0283448901598	0.032585938736	0.00980423762	0.00172037402211	1	1	1	0.0581776313221	1	1	1	1	1	1	2.28987738724e-05	1	1	1	1	1	1	0.00318349958144	1	1	1	1	1	1	1	1	1	1	1	1	1	1
NOD-like_receptor_signaling_pathway	1	0.0987980207897	0.00633359790707	1	1	0.00135953993702	1	1	1	8.29278238482e-05	1	1	1	1	0.0477825488348	1	1	1	1	1	0.00488904008387	1	1	1	0.0286119566454	1	0.00306801350354	0.00824315910753	1	0.0148495079462	1	1	1	1	1	1	0.0459103522162	1	1	1	0.0155327656772	0.0210429564323	0.00608522821149	1	1	1	0.0143225075537	1	0.00286921253942	1	1	1	0.00161595627652	1	0.000449114105475	1	1	1	1	1	0.0587262368664	0.060687170681	1	1	1	1	1	1	0.00681291918366	0.0871369422318	1	1	0.0399925716123	0.0337694309252	0.00634723603233	0.00276330847369	1	1	0.0460055600564	0.00139624295519	0.0939719977683	0.00837810051324	0.0107245921569	0.0152088144321	0.0108806141863	0.0136955552992	1	0.0459103522162	0.0239699937084	0.0468866167471	0.000349552334745	1	0.000748216435376	1	0.00274367922703	1	1	0.0188240403619	1	0.063397540582	1	1	0.00212584506531	1	0.051384328406	1	0.0746345482958	1	1	0.000198796444398	0.00837810051324	1	1	1	1	1	0.02015377602	1	1	1	1	1	1	1	0.000525995976092	1
Natural_killer_cell_mediated_cytotoxicity	1	1	1	1	1	1	1	1	1	1	1	1	1	1	1	1	1	1	1	1	1	1	1	1	1	1	1	1	1	1	1	1	1	1	1	1	1	1	1	1	1	1	0.0951634634594	1	1	1	1	1	0.0800643489969	1	1	1	1	1	1	1	1	1	1	1	1	1	1	1	1	1	1	1	1	0.050333876382	1	1	0.0316512820269	1	1	0.0939745942956	1	1	0.0390933531762	1	0.0410450848956	1	0.0377800073698	0.0722609551627	1	1	1	0.0393557439076	1	0.0915840633512	1	0.0461093988763	1	1	0.0773696238638	1	1	1	1	1	1	1	1	1	1	1	0.0882711068785	1	1	1	1	1	1	0.0708687018196	1	1	1	1	1	1	0.04667654517	1	1	1	1	1
Neuroactive_ligand-receptor_interaction	1	1	1	1	1	1	1	1	1	1	1	1	1	1	1	1	1	1	1	1	1	1	1	1	1	1	1	1	1	1	1	1	1	1	1	1	1	1	1	1	1	1	1	1	1	1	1	1	1	1	1	1	1	1	1	1	1	1	1	1	1	1	1	1	1	1	1	1	1	1	1	0.0804183381468	1	1	1	1	1	1	1	1	1	1	1	1	1	1	1	1	1	1	1	1	1	1	1	1	1	1	1	1	1	1	1	1	1	0.0762293883814	1	1	1	1	1	1	1	1	1	1	1	1	1	1	1	1	1	1	1	1
Neurotrophin_signaling_pathway	1	1	1	1	1	1	1	1	1	1	1	1	1	1	1	1	1	1	1	1	0.0615156195205	1	1	1	1	1	1	1	1	1	1	1	1	1	1	1	1	1	1	1	1	1	1	1	1	1	1	1	1	0.0420109624016	1	1	1	0.0940693947931	1	1	1	1	1	1	1	1	1	1	1	1	1	1	1	1	1	1	1	1	1	1	1	1	1	1	1	1	1	1	1	0.0566617950766	1	0.0942774569255	1	1	1	1	1	1	1	1	1	1	1	1	1	1	1	1	1	1	1	1	1	1	1	1	1	1	1	1	1	1	1	1	1	1	1	1	1	1
Nicotinate_and_nicotinamide_metabolism	1	1	1	1	1	1	1	1	1	1	1	1	1	1	1	1	1	1	1	1	1	1	1	1	0.0864647813134	1	0.0478819488186	1	1	1	1	1	1	1	1	1	1	1	1	1	0.0989702427501	1	0.0323409631828	1	1	1	1	1	0.0645153325259	1	0.0776772844217	1	1	1	1	1	1	0.0715921677535	1	1	0.0581652278036	1	1	1	1	1	1	1	1	0.0769434341525	1	1	1	0.0397144808994	0.0890300202018	0.00768530503477	1	1	1	0.00522033834362	0.0103685394814	1	1	1	1	1	1	1	1	0.0497338084166	0.0185176275575	0.0207876586867	0.0257729238125	1	0.00772213389176	1	1	0.0692052158305	1	1	1	1	1	1	1	1	1	1	1	1	1	1	1	0.0128925156593	1	1	1	1	1	1	1	1	1	1	1	1
Nitrogen_metabolism	1	1	1	1	1	1	1	1	1	1	1	1	1	1	1	1	1	1	1	1	1	1	1	1	0.0747781182023	1	1	1	1	0.0525810974814	1	1	1	1	1	1	1	1	1	1	1	1	1	1	1	1	1	1	1	1	1	1	1	1	1	1	1	0.0617566037917	1	1	1	1	1	1	1	1	1	1	1	0.0627759565159	1	1	1	1	1	1	1	1	1	1	1	1	1	1	1	1	1	1	1	1	1	1	1	1	0.00608938111049	1	1	1	1	1	1	1	1	1	1	1	1	1	1	1	1	1	1	1	1	1	1	1	1	1	1	1	1	1	1	1
Notch_signaling_pathway	1	1	1	1	1	1	1	1	1	1	1	1	1	1	1	1	1	1	1	1	1	1	1	1	1	1	1	1	1	1	1	1	1	1	1	1	1	1	1	1	1	1	1	1	1	1	1	1	1	1	1	1	1	1	1	1	1	1	1	1	1	1	1	1	1	1	1	1	1	1	1	1	1	1	1	1	1	1	1	1	1	1	1	1	1	1	1	1	1	1	1	1	1	0.0828386858839	1	1	1	1	1	1	1	1	1	1	1	1	1	1	1	1	1	1	1	1	1	1	1	1	1	1	1	1	1	1	1	1
Nucleotide_excision_repair	1	1	1	1	1	1	1	1	1	1	1	1	1	1	1	1	1	1	1	1	1	1	1	1	1	1	1	1	1	1	1	1	1	1	1	1	1	1	1	1	1	1	1	1	1	1	1	1	1	1	1	1	1	1	1	1	1	0.0473149007193	1	1	1	1	1	1	1	1	1	1	1	1	1	1	1	1	1	1	1	1	1	1	1	1	1	1	1	1	1	1	1	1	1	1	1	1	1	1	1	1	1	1	1	1	1	1	1	1	1	1	1	1	1	1	1	1	1	1	1	1	1	1	1	1	1	1	1	1
Oocyte_meiosis	1	1	1	1	1	1	1	1	1	1	1	1	1	1	1	1	1	1	1	1	1	1	1	1	1	1	1	1	1	1	1	1	1	1	1	1	1	1	1	1	1	1	1	1	1	1	1	1	1	0.00461629426195	1	1	1	1	1	1	1	1	1	1	1	1	1	1	1	1	1	1	1	1	1	1	1	1	1	1	1	1	1	1	1	1	1	1	1	0.045222186161	1	1	1	1	1	1	1	1	1	1	1	1	1	1	1	1	1	1	1	1	1	1	1	1	1	1	1	1	1	1	1	1	1	1	1	1	1	1	1	1
Osteoclast_differentiation	1	0.0291357091139	1	1	0.00233609632832	0.0545664714989	0.0689342479912	0.0526163004696	1	7.19761333826e-05	1	0.000336910599877	1	0.0578496713796	1	1	1	1	1	1	0.00401687720883	1	1	0.0712900263443	0.0430917227719	1	2.11735710788e-05	0.0315856214275	1	6.58757680339e-06	1	1	1	1	1	1	0.0315856214275	1	1	0.0347546325288	0.000642974303166	1	6.80720102419e-05	1	0.00310990733036	0.012926300002	0.00124343485539	1	0.00137672626643	0.00780778833767	0.00063687405873	1	1	1	0.000530594783675	0.000183248041995	0.027847803076	0.00201732576384	1	1	0.00223895158055	0.0113194577952	1	0.0169593012032	0.0614431150187	1	1	0.013584815604	0.0103614948087	1.46927153813e-05	1	1	0.00753799338717	0.00201684227733	9.66606595143e-06	5.08945396827e-07	1	1	7.40774110708e-06	0.00121324741713	0.0320025824804	0.00217122090545	0.000712175694564	0.0650786584391	1	1	1	1	0.0477580017759	1.25468127099e-06	3.53250224852e-05	0.00100155012915	0.00630564974692	0.0431612818411	4.91014458184e-05	1	1	0.0250428882587	1	1	1	0.00197222684717	1	1	0.0120709294	1	1	1	1	0.0277639434513	0.0651385584997	1	1	0.0614431150187	1	1	0.0842534298471	1	1	0.0273430630684	0.000260548325397	1	1	1	1	1
Oxidative_phosphorylation	1	1	1	0.0953617632634	1	1	0.000340279398922	0.000505102615521	1	1	1	1	1	1	1	1	1	1	1	1	1	1	1	0.00937106106934	1	1	1	1	1	1	1	1	1	1	1	1	1	1	1	1	1	1	1	1	1	0.046083534573	0.0147528757493	1	0.00601695746526	1	1	1	1	1	1	1	1	1	1	1	1	1	1	0.00305771331323	1	1	3.42956905997e-06	1	1	1	1	1	1	1	1	1	7.4932867602e-06	1	1	1	1	1	1	1	1	1	1	1	1	1	0.0782563087728	1	1	1	1	1	1	1	1	0.0625865225724	1	1	1	1	0.0126042603771	1	1	1	1	1	1	1	1	1	1	1	1	1	1	1	1	1	1	1	1	1
PPAR_signaling_pathway	0.0113404499578	1	1	0.0209869496321	1	1	0.0948319731701	1	0.0416532131093	7.39482646372e-06	0.0136729482309	0.000621610919074	1	1	1	1	1	1	1	1	0.0503629179663	1	1	1	1	0.00879768615105	0.000492533383458	1	1	0.000939716183578	1	0.0051130418041	0.00291087431272	0.0468324637984	1	1	0.000374608248775	0.0766867968446	1	0.0297480860103	0.000275860002281	0.0340094502398	0.00369452872924	1	1	0.0213669995063	0.00165184132719	1	0.000161548121918	1	0.0422649475187	1	1	0.0335190491348	1	1	1	1	1	1	0.000188985187396	0.0838013370782	1	1	0.0874320263293	1	1	0.0309639537074	1	0.000484397443151	1	1	0.000867449069983	1	0.000508357558016	0.000214582375381	0.0187888428485	1	3.05730634337e-05	0.052859733348	0.00182923206693	1	0.0224781634464	1	1	1	1	0.015569918248	1	0.00930159645856	0.00536619930394	0.0885537232944	0.00225200132295	1	1	0.0388658986567	0.0309639537074	0.00753770736478	1	1	1	0.000730752422575	1	1	0.00662759726616	1	1	0.00491253684531	1	1	1	1	1	1	1	1	0.0284907735515	1	1	3.43407721561e-05	1	1	0.0309639537074	0.0103164961672	0.0766867968446	1
Parkinson's_disease	0.0543599053678	1	1	0.0937072754598	1	1	0.000326464600667	9.5242837177e-06	1	1	1	0.0528239824453	1	1	1	0.0068826123652	1	1	1	1	1	1	1	0.00917634733103	1	0.0277639434513	1	1	1	1	1	1	1	0.060390790809	1	1	1	0.0509754122505	1	1	1	1	1	1	1	0.012926300002	0.0141367338547	1	0.00137672626643	1	1	1	0.0257131199972	1	0.0551431105398	1	1	0.00794912769379	1	1	0.0931982672914	1	1	0.00042065942078	0.0614431150187	1	3.32576758766e-06	1	1	1	1	1	1	0.0455646560764	1	1	7.0778910255e-06	1	1	0.0802425811316	1	1	1	1	1	1	1	1	1	1	0.0285677435978	1	1	1	1	1	1	1	1	0.0614431150187	0.0234724921216	1	1	1	0.00100155012915	1	1	1	1	1	0.0651385584997	1	1	1	1	1	1	1	1	1	1	1	1	1	1	1
Pathogenic_Escherichia_coli_infection	1	1	1	1	1	0.027510465802	1	1	1	1	0.00836548464777	0.0267980094727	1	1	1	1	1	0.0190857122372	1	1	1	1	9.2874596902e-10	1	9.07200684721e-05	1	1	8.01100349657e-06	1	0.011684243049	1	1.93248893721e-06	1	1	1	1	1	1	1	3.51537123855e-08	0.00065671820807	0.000204213799084	1	1	1	1	1	1	1	0.000324905560889	0.0815816709729	1	1	1	1	1	0.00263977020339	1	0.00835740925824	1	0.045680982037	1	1	0.0660212052056	1	1	1	1	0.00559939950072	0.0686988551147	1	1	1	0.0258558876583	0.0979187213465	1	1	1	1	0.000914606840093	1	1	0.00801038828393	1	0.000399496435901	1	1	1	1	0.0362236282196	1	1	1	1	1	0.00173581838312	0.0192162275886	1	1	1	1	1	3.39272125227e-06	1	1	1	0.00835740925824	1	0.0137704872242	1	0.000592204020359	1	2.6516759899e-08	1	1	1	1	1	0.00175543176757	1	1	1	1	1	0.0488526184634	0.00297331797922
Pathways_in_cancer	0.0626186583561	1	1	1	1	0.00786290892371	1	1	1	1	1	0.0751731983465	1	1	1	0.000128021299533	1	1	1	1	1	1	1	1	0.0562514319258	1	1	0.0321873422269	1	1	1	1	1	1	1	1	1	1	1	0.0884325991889	1	1	1	1	1	1	1	1	1	1	1	1	1	1	1	1	1	1	1	1	1	1	1	1	1	1	1	1	0.00112031779286	1	1	1	1	1	1	1	1	0.0397219170825	1	1	1	0.0810285452532	1	1	1	1	1	1	1	1	1	1	1	1	1	1	0.0357553934062	1	1	1	1	1	0.0530466646059	1	1	1	1	1	0.0769944419304	1	0.0270441675348	1	1	1	1	1	1	1	1	1	1	1	1	1	0.0570671123657	1
Pentose_and_glucuronate_interconversions	1	0.0333620166128	1	1	1	1	1	1	1	1	1	1	1	1	1	1	1	1	1	1	1	1	1	1	1	1	1	1	1	1	1	1	1	1	1	1	1	1	1	1	1	1	1	1	1	1	1	1	1	1	1	1	1	1	1	1	1	1	1	1	1	1	1	1	1	1	1	1	1	1	1	1	1	0.0734199363598	1	1	1	1	1	1	1	1	1	1	1	1	1	1	1	1	1	1	1	1	1	1	1	1	1	1	1	1	1	1	1	1	1	1	1	1	1	1	1	1	1	1	1	1	1	1	1	1	1	1	1	1
Peroxisome	1	1	0.0901287163437	1	1	1	1	1	1	1	1	1	1	1	1	1	1	1	1	1	1	1	1	1	1	0.0105474417228	1	1	1	1	1	1	1	1	1	1	1	1	1	1	1	1	1	1	1	1	1	1	1	1	1	1	1	1	1	1	1	1	1	1	1	1	1	1	1	1	1	1	1	1	1	1	1	1	1	1	1	1	0.0330589881608	1	1	1	1	1	1	1	1	1	1	1	1	1	1	1	1	1	1	1	1	1	1	1	1	1	1	1	1	1	1	1	1	1	1	1	1	1	1	1	1	1	1	1	1	1	1	1
Phagosome	1	1	1	0.0371563273756	1	4.96485508816e-07	0.0991549701344	1	1	1	0.00615538304459	0.000288644705529	1	6.1698469263e-05	0.060901422178	1	1	0.00468089939199	1	1	1	4.53791482724e-07	5.91656182936e-08	0.0933587896959	0.000780226454376	1	9.56522965279e-08	1.15275142765e-08	1	5.45152811782e-12	1	1.08076030347e-08	1	0.0946939188048	1	1	0.0555593528961	0.0742778791681	1	1.22628521781e-08	2.21154616842e-09	2.3389803816e-07	0.0277081550152	1	6.40877946733e-05	0.00186780972717	0.0326406399985	0.00187627832794	1	0.00214559718286	0.00699989282513	0.00242986821061	1	1	5.29920597103e-06	0.000380259860887	9.67754376499e-05	1.30129278251e-05	0.000963948340259	0.0560683301228	1.51496607481e-08	0.0838573608222	1	0.0282683338315	0.0207929294112	1	1	0.00260329554182	0.0790035191412	1.2689738238e-07	1	1	0.0017653898376	1.28456911774e-10	4.43613930035e-08	5.74208757875e-07	1	1	0.0233044925102	2.70172511363e-07	1.57293111869e-09	0.0939364770395	7.82130340515e-06	1	3.77476967636e-05	7.10005534751e-05	1	0.0169871079815	1	0.000156773802514	0.0582262697536	0.0282209777223	0.0166334918726	0.0689834271869	1	2.95160102015e-06	0.0206030031398	1	1	1	1	1	0.00413833709535	1	0.0100851748112	1	0.00577081300203	1	6.35260893775e-05	1	0.0225316427044	1	4.43500599845e-06	1	1	0.00932517273506	0.000200679971869	1	0.0128346617151	0.0485144376807	1	1	1	0.0040188084317	1	0.0212673575099
Phosphatidylinositol_signaling_system	1	1	1	1	1	1	1	1	1	1	1	1	1	1	1	1	1	1	1	1	1	1	1	1	1	1	1	1	1	1	1	1	1	1	1	1	1	1	1	1	1	1	1	1	1	1	1	1	1	1	1	1	1	1	1	1	1	1	1	1	1	1	1	1	1	1	1	1	1	1	1	1	1	1	1	1	1	1	1	1	1	1	1	1	1	0.0232264116129	1	1	1	1	1	1	1	1	1	1	1	1	1	1	1	1	1	1	1	1	1	1	1	1	1	1	1	1	1	1	1	1	1	1	1	1	1	1	1	1
Phototransduction	1	1	1	1	0.0370979392502	1	1	1	1	1	1	1	1	1	1	1	1	1	1	1	0.0450618590805	1	1	1	1	1	1	1	1	0.0793197420759	1	1	1	1	1	1	1	1	1	1	1	1	1	1	1	1	1	1	1	1	1	1	1	1	1	1	1	1	1	1	1	1	1	1	1	1	1	1	1	1	1	1	1	1	1	1	1	1	1	1	1	1	1	1	1	0.0034312337017	1	0.0587198305158	1	1	1	1	1	1	1	1	1	1	1	1	1	1	1	1	1	1	1	1	1	1	1	1	1	1	1	1	1	1	1	1	0.032823396727	1	1	1	1	1
Porphyrin_and_chlorophyll_metabolism	1	1	1	1	0.0782209444475	1	1	1	1	1	1	0.0625989376854	1	1	1	1	1	0.0760497977538	1	1	1	1	1	1	1	1	1	1	1	1	1	1	1	1	1	1	1	1	1	1	1	1	1	1	1	1	1	1	1	1	1	1	1	1	1	1	1	1	1	1	1	1	1	1	1	1	1	1	1	1	1	1	1	1	1	1	1	1	1	1	1	1	0.0782100511941	1	1	1	1	1	1	1	1	1	1	1	1	1	0.012564483987	1	0.0208999921803	1	1	1	1	1	1	1	0.0443277988531	1	1	1	1	1	1	1	1	1	1	1	1	1	1	1	1	1	1	1
Primary_bile_acid_biosynthesis	1	1	1	1	1	1	1	1	1	1	1	1	1	1	1	1	1	1	1	1	1	1	1	1	1	1	1	1	1	1	1	1	1	1	1	1	1	1	1	1	1	1	1	1	1	1	1	1	0.0284169461692	1	1	1	1	1	1	1	1	1	1	1	1	1	1	1	1	1	1	1	1	1	1	1	1	1	1	1	1	1	1	1	1	1	1	1	1	1	1	1	1	0.0987889329531	1	1	1	1	1	1	1	1	1	1	1	1	1	1	1	1	1	1	1	1	1	1	1	1	1	1	1	1	1	1	1	1	1	1	1	1
Primary_immunodeficiency	1	1	1	1	1	1	1	1	1	1	1	0.035338688619	1	1	1	1	1	1	1	1	1	1	1	1	1	1	1	1	1	1	1	1	1	0.0599580302698	1	1	1	1	1	1	1	1	0.0162976645411	1	1	0.015064532994	0.0534065078547	0.0366715726951	1	1	0.0264774474555	0.020173760874	1	1	1	1	1	1	1	1	1	1	1	1	1	1	1	1	1	1	1	1	0.0406740859087	1	1	0.0310199893002	1	1	1	0.0783762967657	1	1	1	1	1	1	1	1	1	0.0285519208822	0.00784687924332	0.0498406285873	0.0609014221795	1	1	1	1	1	1	1	1	1	1	1	1	1	1	1	1	1	1	1	1	0.0244730361091	1	1	1	1	1	1	1	1	1	1	1	1
Prion_diseases	1	1	0.00154091445979	1	1	0.0387717897895	1	1	1	0.057251415619	1	1	1	1	1	1	1	1	1	1	1	0.0133735224426	1	1	1	1	0.00612468504031	0.0125862939084	1	1	1	1	1	1	1	0.000361271321403	0.0125862939084	0.0223730427066	1	1	0.000911101060645	0.0502734523565	1	1	0.000624103284562	1	1	0.0386168534949	1	1	1	1	0.0386168534949	1	1	1	1	1	1	1	0.000233342185106	1	1	1	1	1	1	0.00852776733352	1	0.000476400814081	1	1	1	0.000691120329134	0.00555692605333	5.82761779971e-05	1	1	1	0.0190373281969	0.000459134421084	1	1	1	1	0.00525717679752	1	0.0857800043285	1	1	1	1	0.000279252220686	0.000454524786311	1	1	1	0.0240001818584	1	1	1	1	1	1	0.000178233318326	1	1	1	0.0428508719596	1	1	1	1	1	1	1	1	1	1	1	1	1	1	1	1	1
Progesterone-mediated_oocyte_maturation	1	1	1	1	1	1	1	1	1	1	1	1	1	1	1	1	1	1	1	1	1	1	1	1	1	1	1	1	1	1	1	1	1	1	1	1	1	1	1	1	1	1	1	1	1	1	1	1	1	1	1	1	1	1	1	1	1	1	1	1	1	1	1	1	1	1	1	1	1	1	1	1	1	1	1	1	1	1	1	1	1	1	1	1	0.0222705981519	1	1	1	1	1	1	1	1	1	1	1	1	1	1	1	1	1	0.0549107056857	1	1	1	1	1	1	1	1	1	1	1	1	1	0.0405172247183	1	1	1	1	1	1	1	1	1
Propanoate_metabolism	1	1	1	1	1	1	1	1	1	1	1	1	1	1	1	1	1	1	1	1	0.053833516913	1	1	1	1	1	1	1	1	1	1	0.0906331225324	1	1	1	1	1	1	1	1	1	1	1	1	1	1	1	1	1	1	1	1	1	1	1	1	1	1	1	1	1	1	1	1	1	1	1	1	1	1	1	1	1	1	1	1	1	1	1	1	1	1	1	1	1	1	1	1	1	1	1	1	1	1	1	1	1	1	1	1	1	1	1	1	1	1	1	1	1	1	1	1	1	1	1	1	1	1	1	1	1	1	1	1	1	1
Prostate_cancer	1	1	1	1	1	0.0366757649609	1	1	1	0.0641969764996	1	1	1	1	1	0.00320311698861	1	1	1	1	1	1	1	1	0.0295078715033	1	1	0.00671195592503	1	1	1	1	1	1	1	1	1	1	1	0.0510434310565	0.0982746893406	1	1	1	1	1	1	1	1	1	0.023300898948	1	1	1	0.0731737360779	1	1	1	1	1	1	1	1	1	1	1	1	1	0.000259857186948	1	1	1	1	1	1	1	1	1	1	1	1	1	1	1	0.0232510921502	0.0290782410077	1	1	1	1	1	1	1	1	1	1	0.0458268762219	1	1	1	1	0.0604139105816	0.00659147671822	1	1	1	0.0293565352904	0.00746564710918	0.0466480719576	1	1	1	1	1	1	1	0.0422451798617	1	1	1	1	1	1	1	0.0188040602066	1
Proteasome	1	1	1	1	1	1	0.0425162347367	1	1	1	1	1	1	1	0.0291125408249	1	1	0.079070467842	1	1	1	1	1	1	1	1	1	1	1	0.0356896522924	1	1	1	1	1	1	1	1	1	1	1	1	0.0373605164918	1	1	0.00439328589132	0.0237430063733	0.0577766669314	0.0386039066196	1	0.0502976060409	1	1	1	1	1	1	1	1	1	1	1	1	1	1	1	1	1	1	1	1	1	0.0165284838431	1	1	1	1	1	1	1	1	1	0.00337236010868	1	1	1	1	0.0229264632667	1	1	0.0187531846017	1	1	1	0.0376192399017	1	1	1	1	1	1	1	1	1	0.0912426400347	1	0.0461678154959	1	1	1	1	1	1	1	1	1	1	1	1	1	0.00967404706143	1	1	1	1	1
Protein_digestion_and_absorption	1	1	1	1	1	1	1	1	1	1	1	1	1	1	1	1	1	1	1	1	1	1	1	1	1	1	1	1	1	1	1	1	1	1	1	1	1	1	1	1	1	1	1	1	1	1	1	1	1	0.0876221322126	1	1	1	1	1	1	1	1	1	1	1	1	1	1	1	1	1	1	1	1	1	1	1	1	1	1	1	1	1	1	1	1	1	1	1	1	1	1	1	1	1	1	1	1	1	1	1	1	1	1	1	1	1	1	1	1	1	1	1	1	1	1	1	1	1	1	1	1	1	1	1	1	1	1	1	1
Protein_processing_in_endoplasmic_reticulum	1	1	1	1	1	0.00806133161679	1	1	1	1	1	1	1	1	1	1	1	1	1	1	1	0.0480692881135	1	1	1	1	1	0.000402094335354	1	1	1	1	1	1	1	1	1	1	1	1	1	1	1	1	1	1	1	1	1	1	1	1	1	1	1	1	0.0523313615909	1	1	1	1	1	1	1	1	1	1	1	0.0981744552135	1	1	1	1	1	1	1	1	1	1	1	1	1	1	1	0.0743405038338	0.0913827738668	1	1	1	1	1	0.0454184255538	0.0286599568325	1	1	1	1	1	1	1	1	1	0.000709771665757	1	1	1	0.00157006514109	1	0.0180243371668	1	0.00636407712533	1	1	1	1	1	1	1	1	1	1	1	1	1	1	1
Proximal_tubule_bicarbonate_reclamation	1	1	1	1	1	1	1	1	1	1	1	1	1	1	1	1	1	1	1	1	1	1	1	1	0.0691429315414	1	1	1	1	0.0485084680374	1	0.0466854391907	1	1	1	1	1	1	1	1	0.0729848894024	1	1	1	1	1	1	1	1	1	1	1	1	1	1	1	1	0.0570289041384	1	1	0.00700410029172	1	1	1	1	1	1	1	1	0.0561959486865	1	1	1	1	1	0.0992721109238	1	1	0.0898808678082	1	1	1	0.0887462306624	1	1	1	1	1	0.0221239917942	1	1	1	0.018255215197	1	0.0503576221544	1	1	0.00616519775901	1	1	1	1	1	1	1	1	1	1	1	1	0.0105382108442	1	1	1	1	1	1	1	1	1	1	1	1	1	1	1
Pyrimidine_metabolism	1	1	1	1	1	1	1	1	1	1	1	1	1	1	1	1	1	1	1	1	1	1	1	1	1	1	1	1	1	1	1	1	1	1	1	1	1	1	1	1	1	1	1	1	1	1	1	1	1	1	1	1	1	1	1	1	1	1	0.0396017755497	1	1	1	1	1	1	1	1	1	1	1	1	1	1	1	1	1	1	1	1	0.0650001890217	1	1	1	1	1	1	1	1	1	1	1	1	0.042638956322	1	0.0234168392307	1	1	1	0.0902651159096	1	1	1	1	1	1	1	1	1	1	1	1	1	1	1	0.0479997745788	1	1	1	1	1	1	1	1	1	1	1
Pyruvate_metabolism	1	0.0501307063965	1	1	0.0662286848628	1	1	1	1	1	1	1	1	1	1	1	1	1	1	1	0.0797806530049	1	1	1	1	1	0.0418021287184	1	1	1	1	0.0249059614011	1	1	1	1	0.016753706453	1	1	1	1	1	1	1	1	1	1	1	1	1	1	1	1	1	1	1	1	1	1	1	0.0132483324285	1	1	1	1	1	1	1	1	0.0752031669625	1	1	0.0567758972274	1	0.0456194597444	0.00368099663937	1	1	0.0128699452703	1	1	1	1	1	1	1	1	1	1	1	1	0.0691163473504	0.0838573608238	1	1	1	1	1	1	1	1	1	1	1	0.0145510603692	1	1	1	1	1	1	1	1	1	1	1	1	1	1	0.0962243258363	1	1	1	1	1	1
RIG-I-like_receptor_signaling_pathway	1	1	1	1	1	1	1	1	1	1	1	1	1	1	1	1	1	1	1	1	1	1	1	1	1	1	1	1	1	1	1	1	1	1	1	1	1	1	1	1	1	1	0.0146678744679	1	1	0.00403752494541	0.00758064263224	0.00319588445642	0.00637811958789	1	1	1	1	1	1	1	1	1	1	1	1	1	1	1	1	1	1	1	1	1	1	1	1	1	1	0.0691188950682	1	1	1	0.0159039911344	1	1	0.0781951902059	1	1	1	1	1	1	0.00930159645856	0.00536619930394	0.0885537232944	0.00977895452978	1	1	1	1	1	1	1	1	1	1	1	1	1	1	1	1	1	1	1	1	1	1	1	0.0284907735515	1	1	1	0.00509267247702	1	1	1	1	1
RNA_degradation	1	1	1	1	1	1	1	1	1	1	1	1	1	1	1	1	1	1	1	1	1	1	1	1	1	1	1	1	1	1	1	1	1	0.0452120277937	1	1	1	1	1	1	1	1	1	1	1	1	1	1	1	1	1	1	1	1	1	1	1	1	1	1	1	1	1	1	1	1	1	1	1	1	1	1	1	1	1	1	1	1	1	1	1	1	1	1	1	1	1	1	1	1	1	1	1	1	1	1	1	1	1	1	1	1	1	1	1	1	0.0999924980824	1	1	1	1	1	1	1	1	1	1	1	1	1	1	1	1	1	1	1
Regulation_of_actin_cytoskeleton	1	1	1	1	1	1	1	1	1	1	1	1	1	1	1	1	1	1	1	1	1	0.0843237494991	0.0477191509419	1	1	1	1	0.0668814172651	1	1	1	1	1	1	0.000438313424243	1	1	1	1	1	1	1	1	1	1	1	1	1	1	1	1	1	1	1	1	1	1	1	1	1	1	1	1	1	1	1	1	1	1	1	1	1	1	1	1	1	1	1	1	1	1	1	1	1	1	1	1	1	1	1	1	1	1	1	1	0.0648182127542	1	1	1	1	1	1	1	1	1	1	1	1	1	1	1	1	0.0570940673177	1	1	1	1	1	0.0239534131909	1	1	1	1	1	1	1
Renal_cell_carcinoma	1	1	1	1	1	1	1	1	1	1	1	1	1	1	1	1	1	1	1	1	1	1	1	1	1	1	1	1	1	1	1	1	1	1	1	1	1	1	1	1	1	1	1	1	1	1	1	1	1	1	1	1	1	1	1	1	1	1	1	1	1	1	1	1	1	1	1	1	1	1	1	1	1	1	1	1	1	1	1	1	1	1	1	1	1	1	1	1	1	1	1	1	1	1	1	1	1	1	1	1	1	1	1	1	1	1	1	1	1	1	0.0889340708708	1	1	1	1	1	1	1	1	1	1	1	1	1	1	1
Renin-angiotensin_system	1	1	1	1	1	1	1	1	1	1	1	1	1	1	1	1	1	1	1	1	1	1	1	1	1	1	1	1	1	1	1	1	1	1	1	1	1	1	1	1	1	1	1	1	1	1	1	1	1	1	1	1	1	1	1	1	1	1	1	1	1	1	1	1	1	1	1	1	1	1	1	1	1	1	1	1	1	1	1	1	0.0380832903604	1	1	1	1	1	1	1	1	1	1	1	1	1	1	1	1	1	1	1	1	1	1	1	1	1	1	1	1	1	1	1	1	1	1	1	1	1	1	1	1	1	1	1	1	1
Rheumatoid_arthritis	1	1	1	1	0.0151975458087	2.49432273181e-06	1	0.0763395252714	0.0649159843571	6.77198312254e-05	1	1	1	1	1	1	1	1	1	1	0.0217101113017	0.00983187000486	1	1	1	1	1.70187197668e-11	1	1	9.84931792279e-05	1	0.055580529581	1	1	1	1	1	0.00266387973932	1	0.0554031469517	0.000676589604279	2.29897460513e-07	0.00398922323298	1	5.93576667598e-05	0.000389803107681	0.000354023595507	0.00774160758676	0.003941248076	1.57239702763e-05	1	1	1	1	5.97609041741e-06	1	0.0781104096256	0.0771829130859	0.0319903302699	0.0218785717709	2.09202377643e-09	0.00322139275934	1	0.00495213429943	0.0251141062015	1	1	0.0486789209023	1	1.31626588317e-05	1	1	3.99047424726e-06	1.09210298582e-08	2.29626940795e-08	2.57233336765e-06	0.0357612362863	1	1.16631908131e-07	0.00113211593661	7.13375358785e-10	0.00385367610088	0.0172749950512	1	0.0247551843467	1.87563061083e-07	1	0.0349671075585	0.070815067266	0.0109292940487	0.00453447035756	0.0057574524098	0.00052757492801	0.0022337919769	0.00374583096167	0.0072334315398	1	0.020533043223	0.0781104096256	0.0251141062015	1	0.0135981594197	1	1	8.84563049608e-06	1	1	1	1	0.000715926082438	1	0.00985926862393	1	0.00352790247268	1	1	1	1	1	0.00657856731256	1	1	0.0486789209023	1	1	1
Riboflavin_metabolism	1	1	1	1	0.00676348264994	1	1	1	1	0.033554918971	1	1	1	1	1	1	1	0.006552740445	1	1	1	1	1	1	1	1	1	1	1	1	1	1	1	1	1	1	1	1	1	1	1	1	1	1	1	1	0.033554918971	1	1	1	1	1	1	1	1	1	1	1	1	1	1	1	1	1	0.00300364201295	1	1	1	1	1	1	1	1	1	1	1	1	1	1	1	1	1	1	1	1	1	1	1	1	1	1	0.0318543636188	1	1	1	1	1	1	1	1	1	0.00634509569348	1	1	0.0318543636188	1	1	1	1	1	1	1	1	1	1	1	1	1	1	1	1	1	1	1	1	1
SNARE_interactions_in_vesicular_transport	1	1	1	1	1	1	1	1	1	1	1	1	1	1	1	1	1	1	1	1	1	1	1	1	1	1	1	1	1	1	1	1	1	1	1	1	1	1	1	1	1	1	1	1	1	1	1	1	1	1	1	1	1	1	1	1	1	1	1	1	1	1	1	1	1	1	1	1	1	1	1	1	1	1	1	1	1	1	1	1	1	1	1	1	1	1	1	1	1	1	1	1	1	1	1	1	1	1	1	1	1	1	1	1	1	1	1	1	1	1	1	1	1	0.0257995232786	1	1	1	1	1	1	1	1	1	1	1	1
Salivary_secretion	1	0.0457913991898	1	1	0.0671702409132	1	1	1	1	1	1	0.0371056226276	1	1	1	1	1	1	1	1	0.0864086723542	1	1	1	1	1	1	1	1	1	1	1	1	1	1	1	1	1	1	1	1	1	1	1	0.066581673052	1	1	1	1	0.0167563452348	0.0828305370561	1	1	1	1	1	1	1	1	1	0.0981278214096	1	1	1	1	1	1	0.0467703236104	1	1	1	1	1	0.0547118567465	1	1	1	1	1	1	0.0234904303395	1	1	1	1	0.0296931539408	1	1	1	1	1	1	1	1	1	1	1	1	1	1	1	1	1	1	1	1	1	1	1	1	1	1	1	1	1	0.00327525422584	1	1	1	1	1	1	1	1	1	1
Shigellosis	1	1	1	1	1	1	1	1	1	0.0618068531582	1	1	1	1	1	1	1	1	1	1	1	1	0.0233470773063	1	1	1	1	1	1	1	1	1	1	1	1	1	1	1	1	1	1	1	1	1	1	1	1	1	1	1	1	1	1	1	1	1	1	1	1	1	1	1	1	1	1	1	1	1	1	1	1	1	1	1	1	1	1	1	1	0.097797339989	1	0.0701249486003	0.0498222648731	1	1	1	1	1	1	1	1	1	1	1	1	0.0294020334644	1	1	1	1	1	1	1	1	1	1	1	1	1	1	1	1	0.00549721295399	1	1	1	1	1	0.00215587629089	1	1	1	1	1	1	1
Small_cell_lung_cancer	1	1	1	1	1	1	1	1	1	1	1	1	1	1	1	1	1	1	1	1	1	1	1	1	1	1	1	1	1	1	1	1	1	1	1	1	1	1	1	1	1	1	1	1	1	1	1	1	1	1	1	1	1	1	1	1	1	1	1	1	1	1	1	1	1	1	1	1	0.0189676412024	1	1	1	1	1	1	1	1	1	1	1	1	1	1	1	1	1	1	1	1	1	1	1	1	1	1	1	1	1	1	1	1	1	1	1	1	1	1	1	1	1	1	1	1	1	1	1	1	1	1	1	1	1	1	1	1	1
Staphylococcus_aureus_infection	1	0.0130910025207	0.0488526184634	1	1	8.57163229284e-10	1	0.0216657772687	1	1	1	0.000124809881502	1	6.27044794976e-08	1	1	1	1	1	1	1	0.00239155236739	1	1	0.0227593159675	1	5.69311264798e-12	9.01470360939e-05	1	1.78307201004e-07	1	0.0108641651624	1	1	1	0.000846052163376	1	0.0052028555396	1	0.000159167939362	1.08971165425e-10	0.00214059149496	0.0189364977448	1	9.06767994024e-11	0.00898008248074	0.045125189109	0.00010142216107	1	0.0442995079907	0.0815816709729	0.0048238037305	1	1	1.17103288177e-07	0.0225163247793	0.0316933010354	4.51606557128e-06	0.00835740925824	1	5.11046760465e-12	0.0535683659982	1	0.0660212052056	0.00644581938147	1	1	0.00120608445923	1	2.07527994789e-10	1	1	0.00120061955264	0.0	9.99982950889e-08	7.04279057295e-09	1	1	3.10709708504e-05	0.0727427533424	1.22766241617e-11	1	1	1	0.00950348296065	1.23082766201e-10	1	1	1	0.0022257621807	1	0.0413761986973	0.000485241537231	0.000221202485474	0.00200802467948	0.0242480336462	1	0.0148656377974	1	1	1	1	1	0.0053537325884	0.00183011144742	1	1	1	0.000133664034634	1	1	1	1	0.0559849068414	1	1	1	1	1	1	1	1	1	0.0062892955819	0.0488526184634	1
Steroid_biosynthesis	1	1	0.00650623473389	1	1	1	1	1	1	0.0778137763274	1	1	1	1	1	1	1	0.0162042678709	1	1	1	1	1	1	0.00577871300205	1	1	0.0269805012299	1	1	1	0.00310108547005	1	1	1	1	1	1	1	1	0.0506180929228	1	1	1	1	1	1	1	1	1	1	1	1	1	1	1	1	1	1	0.00101581296621	0.00403606514828	1	1	1	1	1	1	1	1	1	1	1	1	1	1	0.0697739869423	1	1	1	0.0161670297553	1	0.0079074265948	0.00861620099631	1	1	1	1	1	1	1	1	1	0.0854260855212	1	1	1	1	1	1	1	1	1	1	1	0.0740965017895	1	1	1	1	1	1	1	1	1	1	1	1	1	1	0.0251264899557	1	1	1	1	1	1
Steroid_hormone_biosynthesis	1	0.0876932945428	1	1	1	1	1	1	1	1	1	1	0.0208386772622	1	1	1	1	1	1	1	1	1	1	1	1	1	1	1	1	1	1	1	1	1	1	1	1	1	1	1	1	1	1	1	1	1	1	1	1	1	1	1	1	1	1	1	1	1	1	1	1	0.0535683659982	1	1	1	1	1	1	1	1	1	1	1	1	1	1	1	1	1	1	1	0.0584393473238	1	1	1	1	1	1	1	1	1	1	1	1	1	1	1	1	1	1	1	1	1	1	1	1	1	1	1	1	1	1	1	1	1	1	1	1	1	1	1	1	1	1	1	1
Systemic_lupus_erythematosus	1	0.00728701242015	1	1	1	0.023510241766	1	0.0602160441303	1	1	1	1	1	0.00212336145284	1	1	1	1	1	1	1	0.0286173169501	1	1	1	1	1.92202682903e-06	0.0373130873595	1	0.000319791855915	1	1	1	1	0.0255408683564	0.00508663313459	1	0.0569126880421	1	0.0400158115995	0.00290612370835	1	1	1	2.41603922702e-06	0.0158683114657	0.0181304874144	0.00105704865391	1	1	1	0.0532913699062	1	1	0.00372211331672	1	1	1	1	1	5.70868180905e-06	1	1	1	0.0684531777541	1	1	0.0982281617045	1	6.88373366786e-06	1	1	0.00979339409818	6.29307311699e-05	7.93102491577e-05	1.55654185852e-05	1	1	0.0924256055605	0.0417347714694	9.77549148851e-07	1	0.0353143356884	0.0704411400952	0.0516930880214	7.88249745476e-08	1	1	1	0.0385236639692	1	0.0431708429866	1	0.000424944600776	0.0736768365522	1	1	1	1	1	1	1	1	1	0.00495792887888	1	1	1	1	1	1	1	1	0.0143655054571	1	1	0.0910199873906	1	1	1	1	1	0.0982281617045	0.00293162271283	1	1
Terpenoid_backbone_biosynthesis	1	1	1	1	1	1	1	1	1	1	1	1	1	1	1	1	1	1	1	1	1	1	1	1	1	1	1	1	1	1	1	0.022789234404	1	1	1	1	1	1	1	1	1	1	1	1	1	1	1	1	1	1	1	1	1	1	1	1	1	1	1	0.00062743899356	0.0985159896614	1	1	1	1	1	1	1	1	1	1	1	1	1	1	1	1	1	1	1	1	1	1	1	1	1	1	1	1	1	1	1	1	1	1	1	1	1	1	1	1	1	1	1	0.0483800327934	1	1	1	1	1	1	1	1	1	1	1	1	1	1	1	1	1	1	1	1	1
Thyroid_cancer	0.0155868800484	1	1	1	1	1	1	1	1	1	1	1	1	1	1	1	1	1	1	1	1	1	1	1	1	1	1	0.0587198305158	1	1	1	0.0764540586919	1	0.0427257786075	1	1	1	1	1	1	1	1	1	1	1	1	1	1	1	1	1	1	1	1	1	1	1	1	1	1	0.0833952363195	1	1	1	1	1	1	1	1	1	1	1	1	1	1	1	1	1	1	1	1	1	1	1	1	1	1	1	1	1	1	1	1	1	1	1	1	1	1	1	1	1	1	1	1	1	1	1	1	1	1	1	1	1	1	1	1	1	1	0.0548643388345	1	1	1	1	1	1
Tight_junction	1	1	1	1	1	1	1	1	1	1	1	1	1	1	1	1	1	1	1	1	1	1	0.0144441885054	1	1	1	1	1	1	1	1	0.0591001071105	1	0.0645990949268	0.0244974067572	1	1	1	1	1	1	1	1	1	1	1	1	1	1	1	1	1	1	1	1	1	1	1	1	1	1	1	1	1	1	1	1	1	1	1	1	1	1	1	1	1	1	1	1	1	1	1	1	1	0.0496633833693	1	1	1	1	1	1	1	1	1	1	0.0201884250664	1	1	1	1	1	1	1	1	1	1	1	1	1	1	1	1	0.0244974067572	1	1	1	1	1	0.00992459894844	1	1	1	1	1	1	1
Toll-like_receptor_signaling_pathway	0.0295980130466	1	1	1	0.0923960714964	1	1	1	1	0.00338218178094	1	0.060397765977	1	1	1	1	1	1	1	1	1	0.0896115802459	1	1	1	1	0.000119724992994	1	1	0.0242390847555	1	1	1	1	1	1	0.0497665745234	0.0276617746249	1	1	0.0857362771676	0.000506933188164	1	1	0.0121655441903	0.0661781938336	0.0386185606928	0.0114802948711	0.00687711054869	0.0240001818608	1	1	1	1	1	1	1	1	1	1	0.010367228414	1	1	0.0426742166853	1	1	1	1	1	0.00246121074331	1	1	0.00169635567777	0.0125933639766	3.29260558513e-05	0.000615331103275	1	1	0.0850057785999	0.07291343722	0.0108845508902	0.0358256900217	0.0285314092797	0.00402835392	1	0.0381540277981	1	1	1	0.0546333336578	0.00841687020701	0.0105866129649	0.0161087127817	0.00367310393864	1	1	1	1	1	1	1	0.0856558139841	1	1	2.66152354816e-05	1	1	1	1	1	1	1	1	1	1	1	0.00616519775939	1	1	0.0442695095103	1	1	1	1	1	1
Toxoplasmosis	1	1	1	1	0.0511818491881	9.45805213908e-05	1	1	1	0.0443281508264	1	0.0578152662168	1	0.0611293236555	0.00764473688974	1	1	1	1	1	1	0.00384986932032	1	1	1	1	0.00138835075192	1	1	0.000270569954719	1	1	1	1	1	1	1	1	1	0.0373311208588	1	1	1	1	0.000357308696614	0.00360942133434	1	1	0.0232254810207	1	0.0366077595506	1	1	1	0.00333234171219	1	1	1	1	1	0.00271293618351	0.0122342852729	1	0.0810307660748	1	0.0945848774682	1	0.0945848774682	0.0574621957835	0.000259002934803	1	1	0.00861033480099	0.00241839269255	0.0171684052016	0.0177870105394	1	1	1	0.03732294092	2.82636693806e-05	0.0687825879653	0.031820754193	0.0677414753272	0.0496633833693	3.7374439025e-05	1	1	1	1	0.0828211902982	1	1	0.0111475249172	1	1	1	0.0809177284519	1	1	1	1	1	1	1	1	1	1	1	1	0.0687825879653	1	1	0.0649034127345	1	1	0.0876161219096	1	1	1	1	1	1	1	1	1
Tryptophan_metabolism	1	1	1	0.0475311492096	1	1	1	0.0762335910194	1	1	1	1	0.0124780223208	1	1	1	1	1	1	1	0.0867748870338	1	1	1	1	1	1	1	1	1	1	0.00416675460538	1	1	1	1	1	1	1	0.0603352294711	0.0381418196059	1	0.0299399236044	0.000735735661588	1	0.00341470222643	0.0188660299395	0.051075581383	0.00502402462477	1	1	1	1	1	0.078306761744	1	1	1	1	1	0.0617736075039	0.0328184409886	1	1	1	1	1	1	1	0.00615815576304	1	1	0.0639446460021	1	1	0.061040097433	1	1	1	1	0.041368313258	1	1	1	1	1	1	1	1	0.0510056668384	0.014843193961	1	1	1	0.0315248989254	1	1	1	1	1	1	1	1	1	1	1	1	1	0.056565047331	1	1	1	1	0.0343474318638	1	1	1	1	1	0.017252205789	1	1	1	1	1	1
Tuberculosis	1	0.0052981849933	0.0279915065927	0.0621635333496	0.0113165969078	4.10611011858e-09	1	1	0.0483230635477	0.00145078685561	1	0.00403261314861	0.0357315504131	0.00705709351715	0.0907450841561	1	0.0118183708879	0.0104808236257	1	1	0.00112842084309	1.99494120523e-05	1	1	0.0254715950106	1	1.71182423792e-08	0.000695396520326	1	3.43943429293e-10	1	0.0650498021908	1	1	1	1	0.0353299752206	0.0279915065927	1	0.000269093540178	4.30874962598e-06	0.00200816464012	1	1	1.22714771122e-06	0.00529747471315	1	1	1	0.0968662273925	0.0182247266158	0.0256402858014	0.0700035083782	0.0357315504131	0.000142272467498	8.31707756193e-05	0.00195628755407	0.00439283209113	0.0479706219667	1	1.36825942387e-06	0.000179152616166	0.000894242196596	0.0115899219262	0.0357955458669	1	1	3.66269046925e-06	0.00107272884277	8.90017413757e-06	1	1	0.0059860367924	7.19448500774e-10	8.20546763869e-08	1.22536162681e-05	1	1	0.00082284631021	0.000624974581923	2.11501106628e-08	0.0386492028857	0.00778463009778	1	0.0846588585654	2.24756928624e-08	0.00207628194598	0.0980008497715	1	0.0174036008678	1	0.064998968694	0.00230136802845	0.000436611812466	0.0287180157392	0.0439126977118	1	0.0363951031703	1	1	1	1	1	1	0.00361050965189	1	1	1	0.000207681464625	0.000348585475108	0.0386492028857	1	1	0.0357955458669	1	0.000529265658534	0.0284217201238	1	1	0.00892937245748	0.0316654501904	1	0.00478933906867	1	1	1
Type_I_diabetes_mellitus	1	1	1	0.0516801861119	1	2.78010463139e-06	1	0.0826217583685	1	0.0924067924838	1	1	1	1	1	1	1	1	1	1	1	0.0195989265774	1	1	0.0554104203686	1	1.13986355688e-07	1	1	6.57757922803e-05	1	1	1	1	1	1	1	0.0325277796248	1	0.065503005272	0.00308071352741	0.00952960621295	1	1	0.00112847864426	0.000462142606525	0.022040598456	0.00636341521437	0.0364595213281	1	1	1	0.0555099983744	1	7.39013498408e-06	1	1	1	0.0443277988531	1	2.46172121576e-08	0.0357531808321	1	1	1	1	1	0.012564483987	1	4.85770475959e-05	1	1	0.000356078464275	5.73258622794e-07	0.00174791207229	0.000305771925802	1	1	0.00315255745473	0.00815482460436	4.28812041431e-09	1	0.0782100511941	1	0.00616059399924	1.49060741195e-07	1	1	1	0.0587857670473	1	0.00368805032657	0.0262685542063	0.000985605248281	1	1	1	1	1	1	1	1	1	1	0.000552310488806	1	0.00447338832946	1	1	0.00345339183722	1	1	1	1	1	1	1	1	1	0.0195363799352	1	1	0.012564483987	1	1	1
Ubiquitin_mediated_proteolysis	1	1	1	1	1	1	0.0766904555333	1	1	1	1	1	1	0.0644955432033	1	1	1	1	1	1	1	1	1	1	1	0.0301902991372	1	1	1	1	1	1	1	1	1	1	1	1	1	1	1	1	1	1	1	1	1	1	0.0762623084663	1	1	1	1	1	1	1	1	1	1	1	1	1	1	0.0853423342962	1	1	1	1	1	1	1	1	1	1	1	1	1	1	1	1	1	1	1	1	1	1	1	1	1	1	1	1	1	1	1	1	1	1	1	1	1	1	1	1	1	1	1	1	1	1	1	1	1	1	1	1	1	1	1	1	1	1	1	1	1	1
Valine,_leucine_and_isoleucine_degradation	1	1	1	0.0516801861119	1	1	1	1	1	1	1	1	1	1	1	1	1	1	1	1	0.0939468105214	1	1	1	1	1	1	1	1	1	1	1	1	1	1	1	1	1	1	1	1	1	1	1	1	1	1	1	1	1	1	1	1	1	1	1	1	1	1	1	1	1	1	1	1	1	1	1	1	1	1	1	0.0715103528436	1	1	1	1	1	1	1	1	1	1	1	1	1	1	1	1	1	1	1	1	1	1	1	1	1	1	1	1	1	1	1	1	1	1	1	1	1	1	1	1	1	1	1	1	1	1	1	1	1	1	1	1	1
Vascular_smooth_muscle_contraction	1	1	1	1	1	1	1	1	1	1	1	1	1	1	1	1	1	1	1	1	1	1	1	1	1	1	1	1	1	1	1	1	1	1	1	1	1	1	1	1	1	1	1	1	1	1	1	1	1	1	1	1	1	1	1	1	1	1	1	1	1	1	1	1	1	1	1	1	1	1	1	1	1	1	1	1	1	1	1	1	1	1	1	1	1	0.0481776629371	1	1	1	1	1	1	1	1	1	1	1	1	1	1	1	1	1	1	1	1	1	1	1	1	1	1	1	1	1	0.00551013628501	1	1	1	1	1	1	1	1	1	1
Vibrio_cholerae_infection	1	1	1	1	1	1	1	1	1	1	1	1	1	1	1	1	1	1	1	1	1	1	0.018561313289	1	1	1	1	0.0367487654787	1	1	1	0.0534403658769	1	1	1	1	1	1	1	1	1	1	1	1	1	1	1	1	1	1	1	1	1	1	1	1	1	1	1	1	1	1	1	1	1	1	1	1	1	1	1	1	1	1	1	1	1	1	1	0.0689288262924	1	1	1	1	1	1	1	1	1	1	1	1	1	1	1	0.0234294076392	1	1	1	1	1	1	1	1	1	1	1	1	1	1	1	1	0.00432951976333	1	1	1	1	1	0.00169256183293	1	1	1	1	1	1	1
Viral_myocarditis	1	1	1	1	0.0385714503177	1.76779677608e-06	1	1	1	0.0295393095979	1	0.0155894957898	1	1	0.0664078743004	1	1	1	1	1	1	0.0474448274243	0.0309639537074	1	0.0127500560568	1	2.78616421912e-06	0.015569918248	1	0.000132796672533	1	0.0051130418041	1	0.00848214498185	1	1	1	0.0766867968446	1	0.0297480860103	0.00411900095762	0.000676145884158	0.00369452872924	1	0.00446867380204	0.000626182419033	0.000310503864876	0.00319588445642	0.0302682312073	1	1	1	1	1	1.11536522367e-05	1	1	1	1	1	1.00346799303e-06	0.0121552317371	1	0.0167259574471	1	1	1	1	0.0802190318157	3.73574595236e-06	1	1	2.1236002264e-05	8.53893919273e-06	0.0538239141972	0.000214582375381	0.0187888428485	1	0.00113443263145	0.00407920238779	3.22935456154e-10	1	0.000189332158769	1	0.000847455635268	1.69958333762e-06	1	0.000374608248775	1	0.00241594078203	0.0781951902059	0.00662759726616	0.0361023437594	0.000730752422575	1	0.00360832481333	1	1	1	1	1	1	0.0388658986567	1	0.00662759726616	1	0.0167259574471	1	1	1	1	1	0.00738885499515	0.00141814392789	1	1	1	1	0.00291087431272	0.013686346714	1	1	1	1	1	1
Vitamin_B6_metabolism	1	1	1	1	1	1	1	1	1	1	1	1	1	1	1	1	1	1	1	1	1	1	1	1	1	1	1	1	1	1	1	1	1	1	1	1	1	1	1	1	1	1	1	1	1	1	1	1	1	1	1	1	1	1	1	1	1	1	1	1	1	1	1	1	1	1	1	1	1	1	1	1	1	1	1	1	1	1	1	1	1	1	1	1	1	1	1	1	1	0.0153663512773	1	1	1	1	1	1	1	1	1	1	1	1	0.000279747687443	1	1	1	1	1	1	1	1	1	1	1	1	1	1	1	1	1	1	1	1	1	1	1
Wnt_signaling_pathway	1	1	1	1	1	1	1	1	1	1	1	1	1	1	1	1	1	1	1	1	1	1	1	1	1	1	1	1	1	1	1	1	1	1	1	1	1	1	1	1	1	1	1	1	1	1	1	1	1	1	1	1	1	1	1	1	1	1	1	1	1	1	0.0547576950052	1	1	1	1	1	1	1	1	1	1	1	1	1	1	1	1	1	1	1	1	1	1	1	1	1	1	1	1	1	1	1	1	1	1	1	1	1	1	1	1	1	1	1	1	1	1	1	1	1	1	1	1	1	1	1	1	1	1	1	1	1	1	1
mTOR_signaling_pathway	1	1	1	0.0694804286911	1	1	1	1	1	1	1	1	1	1	1	1	1	1	1	1	1	1	1	1	1	1	1	1	1	1	1	1	1	1	1	1	1	1	1	1	1	1	1	1	1	1	1	1	1	1	1	1	1	1	1	1	1	1	1	1	1	1	1	1	1	1	1	1	1	1	1	1	1	1	1	1	1	1	1	1	1	1	1	1	1	1	1	1	1	1	1	1	1	1	1	1	1	1	1	1	1	1	1	1	1	1	1	1	1	1	1	1	1	1	1	1	1	1	1	1	1	1	1	1	1	1
p53_signaling_pathway	1	1	1	1	1	0.000501223134335	1	1	1	1	1	0.0131077860441	1	1	1	2.89840235351e-05	1	1	1	1	1	0.0438878897632	1	1	0.0021082350214	1	1	0.0649517140911	1	1	1	1	1	0.0420575375454	1	1	1	1	1	0.0266090913767	0.0827277507347	1	1	1	1	1	1	1	1	1	0.00153275786374	1	1	1	1	0.000173257121755	1	1	1	1	1	1	1	0.0952159862541	1	1	1	1	0.0100805759594	1	1	1	1	0.0173416729928	1	1	1	1	0.0195489965914	1	1	1	1	1	1	1	1	0.00220586056138	0.0345765370717	0.0770294772895	1	1	1	1	1	1	0.0285862436232	1	1	1	1	0.0317974024406	1	0.00809234946717	1	1	1	1	1	1	0.084632226378	1	1	0.0811904524532	1	1	1	1	1	1	1	1	1	1	1	1
