	AHR	ARID3A	ARID5B	ARNT	ASCL2	ATF3	ATF4	ATF5	BATF	BATF3	BBX	BCL11A	BHLHE41	CEBPD	CEBPG	CEBPZ	CREB3	CREB3L2	CREM	CUX1	DBP	DDIT3	DNMT1	DNTTIP1	EGR2	EPAS1	ETS2	ETV5	ETV6	FOS	FOXO3	GTF2B	GTF3A	HBP1	HES6	HIF1A	HLX	HMG20A	HMG20B	HMGA1	HMGN3	IRF1	IRF2	IRF3	IRF5	IRF7	IRF8	IRF9	JUN	JUNB	JUND	KLF10	KLF3	KLF6	LCORL	LYL1	MAFB	MAFF	MECP2	MEF2A	MITF	MSANTD3	MSC	MTF1	MXD1	MXD4	NFAT5	NFE2L1	NFE2L2	NFIC	NFKB1	NFKB2	NR1H3	NR3C1	PKNOX1	PLSCR1	POGK	POU2F2	PPARG	RBPJ	REL	RELA	RELB	RREB1	RUNX1	SNAI3	SOX4	SP3	STAT1	STAT2	STAT3	STAT4	STAT5A	TCF4	TCF7L2	TFDP2	TFEB	TFEC	TGIF1	THAP1	TSC22D1	XBP1	XPA	YBX1	YY1	ZBTB43	ZEB2	ZHX1	ZNF143	ZNF22	ZNF267	ZNF274	ZNF281	ZNF32	ZNF322	ZNF37A	ZNF394	ZNF444	ZNF524	ZNF580	ZNF677	ZNF75A	ZNF780A
ABC_transporters	1	1	1	1	1	1	1	1	1	1	1	1	1	1	1	1	1	1	1	1	1	1	1	1	1	1	1	1	1	1	1	1	1	1	1	1	1	1	1	1	1	1	1	1	1	1	0.0443277988531	1	1	1	1	1	1	1	1	1	1	1	1	1	1	1	1	1	1	1	1	1	1	1	1	1	1	1	1	1	1	1	1	1	1	1	1	1	1	1	1	1	1	1	1	1	1	1	1	1	1	1	1	1	1	1	1	1	1	1	1	1	1	1	1	1	1	1	1	1	1	1	1	1	1	1	1
Adherens_junction	1	1	1	1	1	1	1	1	1	1	1	1	1	1	1	1	1	1	1	1	1	1	0.032591733922	1	1	1	1	1	1	1	1	1	1	1	1	1	1	1	1	1	1	1	1	1	1	1	1	1	1	1	1	1	1	1	1	1	1	1	1	1	1	1	1	1	1	1	1	1	1	1	1	1	1	1	1	1	1	1	1	1	1	1	1	1	1	1	1	1	1	1	1	1	1	1	1	1	1	1	1	1	1	1	1	1	1	1	1	1	1	1	0.00779808551065	1	1	1	1	1	1	1	1	1	1	1	1
Adipocytokine_signaling_pathway	1	1	1	1	1	1	0.0903393876285	1	1	0.0105788842271	1	1	1	1	1	1	1	1	1	1	0.0469310276572	1	1	1	1	1	0.00596783431884	1	1	1	1	1	1	1	1	0.067261418404	1	1	1	1	1	1	1	1	1	0.0884174450014	1	1	1	1	1	1	1	0.00230240016198	1	1	1	1	1	1	1	1	1	1	1	1	1	1	1	1	1	0.00386675246177	1	1	1	1	1	0.0735488129521	1	1	1	1	1	1	1	1	1	1	1	0.0719828823718	1	0.0324553189589	1	1	1	1	1	1	1	1	1	1	1	1	1	1	1	1	1	1	1	1	1	1	1	1	0.0613694822205	1	1	1	1	1	1
African_trypanosomiasis	1	1	0.01266905958	1	1	1	1	1	1	0.0297234425307	1	1	1	1	1	1	1	1	1	1	0.00776805455041	1	1	1	1	1	0.0507206071079	1	1	1	1	1	1	1	1	1	1	1	1	1	1	1	1	1	1	1	1	1	1	1	1	1	1	0.032804884556	1	1	1	1	1	1	1	1	1	1	1	1	1	1	1	1	1	1	1	1	1	1	1	0.00805253369898	1	1	1	1	1	1	1	1	1	1	1	1	1	0.0121095953982	1	0.0664078743006	1	1	1	1	0.0110346296848	1	1	1	1	1	1	1	1	0.00219437432513	1	1	1	1	1	1	1	1	1	1	1	1	1	1	1
Alanine,_aspartate_and_glutamate_metabolism	1	1	1	1	1	1	1	1	1	1	1	1	1	1	1	1	1	1	1	1	1	1	1	1	1	1	1	1	1	1	1	1	1	1	1	1	1	1	1	1	1	1	1	1	0.082455329797	1	1	1	1	1	1	1	1	1	1	1	0.0418578250042	1	1	1	1	1	1	1	1	1	1	1	0.0511908401913	1	1	1	1	1	1	1	1	1	1	1	1	1	1	1	1	1	1	1	1	1	1	1	1	0.00653647486721	1	1	1	1	1	1	1	1	1	1	1	1	1	1	1	1	1	1	1	1	1	1	1	1	1	1	1	1	1
Aldosterone-regulated_sodium_reabsorption	1	1	1	1	1	1	1	1	1	1	1	1	1	1	1	1	1	1	1	1	1	1	1	1	1	1	1	1	1	1	1	1	1	1	1	1	1	1	1	1	1	1	1	1	1	1	1	1	1	1	1	1	1	1	1	1	1	1	1	1	1	1	1	1	1	1	1	1	1	1	1	1	1	1	1	1	1	1	1	1	0.0359038966055	1	1	1	1	1	1	1	1	1	1	1	1	1	1	1	1	1	1	1	1	1	1	1	1	1	1	1	1	1	1	1	1	1	1	1	1	1	1	1	1	1	1
Allograft_rejection	1	1	1	1	1	1	1	0.0639747909364	1	0.0367501144009	1	1	1	1	0.021215702258	1	1	1	1	1	1	0.0148326029776	1	1	1	1	1.23362393634e-08	1	1	2.17107695308e-05	0.0179017015498	1	1	1	1	1	1	1	1	1	0.00406068880853	0.042681534334	1	0.000732694756382	1.79247850581e-05	0.00216337217023	0.000183734888694	0.00348586192913	1	1	1	1	1	0.0381662467552	1	1	1	1	1	5.43618962401e-07	0.0272560318103	1	1	1	1	1	1	1	3.07893388563e-08	1	1	1.50177834098e-05	1.4845248934e-05	0.00266387973954	1	1	1	0.0107673099574	0.0228257061755	9.00203467324e-10	1	0.0104964753175	1	0.00462190910273	1.07242050795e-08	1	1	1	0.00823892138152	0.0548978816139	0.0121897473762	0.0742778791704	0.00663742077352	1	1	1	1	1	1	1	1	1	1	0.0693276418447	0.0029420709847	1	1	1	1	1	1	0.0285383978587	1	1	1	1	0.0131590077228	1	1	1	1	1	1
Alzheimer's_disease	1	1	1	1	0.0433325700512	0.0112057086945	1	0.0339435403181	1	1	1	1	1	1	1	0.0110569448579	1	1	1	1	0.0128550426329	1	1	1	1	1	1	1	1	1	1	1	1	1	1	1	1	1	1	0.0472786431651	1	1	1	1	1	1	1	1	1	1	1	0.0652167045053	1	1	1	1	1	1	1	1	1	1	1	1	1	1	0.0259425960577	1	1	1	1	1	1	1	0.00421756988995	1	1	0.0138395121645	1	1	1	1	1	1	1	0.025097505372	1	1	1	1	1	1	1	1	1	1	1	1	1	1	1	1	1	0.00265472497371	1	1	1	1	0.0803446642927	1	1	1	1	1	1	1	1	0.0233219002011	1	1	1	1	1
Amino_sugar_and_nucleotide_sugar_metabolism	1	1	1	1	1	1	1	0.0958656904258	1	1	1	0.0770888665765	1	1	0.0328048845562	1	1	1	1	1	1	1	1	1	1	1	1	1	1	1	1	1	1	1	1	1	1	1	1	1	1	1	1	1	1	1	1	1	1	1	1	1	1	1	1	1	1	1	1	1	1	1	1	1	1	1	1	1	1	1	1	1	1	1	1	1	1	1	1	1	1	1	1	1	1	1	1	1	1	1	1	1	0.0858898111059	1	1	1	1	1	1	1	1	1	1	1	1	1	1	1	1	1	1	1	1	1	1	1	1	1	1	1	1	1	1
Amoebiasis	1	1	0.094140542466	1	1	1	1	1	1	1	1	1	1	1	1	1	1	1	1	1	1	0.094140542466	1	1	1	1	0.012761144116	1	1	1	1	1	1	1	1	0.0543196914283	1	1	1	1	1	1	1	0.0886471924191	1	1	1	1	1	1	1	1	1	1	1	1	0.0218938457356	1	1	0.0811701650182	1	1	1	1	1	1	1	1	1	1	1	1	1	1	1	1	1	1	1	1	1	1	1	1	1	1	1	1	1	1	1	1	0.0218938457356	1	1	1	0.0353134317427	1	1	1	1	1	1	1	1	1	1	1	1	1	1	1	1	1	0.00668234532081	1	1	1	1	1	1	1	1
Amyotrophic_lateral_sclerosis_(ALS)	1	1	1	1	1	0.00277785728491	1	1	1	1	1	1	1	1	1	1	1	1	1	1	1	1	1	1	0.082703145678	1	1	1	1	1	1	1	0.0210795387869	1	1	1	1	1	1	1	1	0.0911715432721	1	1	1	1	1	1	1	1	1	1	1	1	1	1	1	1	1	1	0.0484435251935	1	1	1	1	1	1	1	1	1	1	1	1	1	0.0761914692078	0.0268129165531	1	1	1	1	1	1	1	1	1	1	1	1	1	1	1	1	1	1	1	1	1	1	1	1	1	1	1	1	1	1	1	1	0.0400092748749	1	1	1	1	1	1	1	1	0.0929331851887	1	1	1	1	1
Antigen_processing_and_presentation	1	1	1	1	1	0.0117352174976	1	0.0527330375263	0.00187468393875	1	1	0.078329528846	1	0.00183211785841	0.0108750781146	1	1	0.0084812079257	1	1	1	3.3629139336e-05	0.0368062141941	1	0.000812592572505	1	9.17105713957e-05	0.000183886164129	1	7.03772907829e-05	0.000781209307304	1	1	1	1	1	1	1	0.00707351697351	0.00263039410838	0.0163538263981	0.0765008493136	1	2.81214964115e-05	1.83929003196e-05	0.0118291372951	0.000293093219585	0.00943984072691	1	0.0677899344352	0.0429094089423	0.0705898113014	1	1	1	1	0.00800438251064	1	0.0163538263981	1.23207299918e-09	0.0983444769765	1	1	1	0.00329797348378	1	0.0368062141941	0.0429094089423	7.21589720309e-07	1	1	4.56772149928e-05	7.19066339805e-08	0.00694483244497	0.0161623605072	1	1	1	0.0016823792731	1.27488926083e-08	1	0.00845610439658	1	4.64591142549e-05	7.20975235069e-09	1	1	0.00897631052965	1	1	0.0377956306361	0.000163421706935	1	0.0142970696679	1	0.0185308115458	1	0.00707351697351	1	1	1	0.00470537385994	1	0.0117352174976	2.44026934285e-05	1	1	1	0.0117519711069	1	1	1	0.00252443123162	1	1	1	1	0.00710444516722	1	0.0368062141941	1	0.0493610505549	1
Apoptosis	1	1	1	1	1	0.0765112617262	1	1	1	0.088172515244	1	1	1	1	1	1	1	1	1	1	0.0187209057082	1	1	0.0346863578665	1	1	1	1	1	1	1	1	1	1	1	1	1	1	1	1	1	1	1	1	1	1	1	0.056824021126	1	0.0875920035654	1	1	1	1	1	1	1	1	1	1	1	1	1	1	1	1	1	0.0522319345366	0.0268318321104	1	1	1	1	1	1	0.0680701575343	1	0.0492408262737	1	0.0755850557247	1	1	1	1	1	1	1	1	1	0.0479566956683	1	1	1	0.0875920035654	1	1	1	1	1	1	1	1	1	1	1	1	1	1	1	1	1	1	1	1	0.0413777042306	1	1	1	1	1	1	1	1
Arachidonic_acid_metabolism	1	1	1	1	0.000157245446834	1	1	1	1	1	1	0.0335857158709	1	1	1	1	1	1	1	1	0.000592638570742	1	1	1	1	1	1	1	1	1	1	1	1	1	1	1	1	1	1	0.0536292421253	1	1	1	1	1	1	1	0.016480228592	1	1	1	1	1	1	1	1	1	1	1	1	1	0.000402413779286	1	1	1	1	1	1	1	1	1	1	1	1	0.0255586003742	1	1	1	0.00663133768326	0.0939719977683	0.0661485126005	0.0107245921569	1	1	1	1	0.0296597474048	1	0.0468866167471	1	1	1	1	1	1	1	1	1	1	1	1	1	1	1	1	1	0.0405984112529	1	1	1	1	1	1	1	1	1	1	1	1	0.00147932655864	1	1	1
Arginine_and_proline_metabolism	1	1	1	1	1	1	1	1	1	1	1	1	1	0.0535683659982	1	1	1	1	1	1	1	0.0297563989894	1	1	1	1	0.0422959968037	1	1	1	0.03571189579	1	1	1	1	1	1	1	1	1	1	1	1	0.0278691681742	1	1	1	1	1	1	1	1	1	0.0739127912066	1	1	1	1	1	1	1	1	1	1	1	1	1	1	0.0563930846593	1	1	1	0.0258558876583	1	1	1	1	1	1	1	1	1	1	1	1	1	1	1	1	1	1	1	1	1	1	1	1	1	1	1	1	1	1	1	1	1	0.03571189579	1	1	1	1	1	1	1	1	1	1	1	1	1	1	1	1
Arrhythmogenic_right_ventricular_cardiomyopathy_(ARVC)	1	1	0.0511048369062	1	1	1	1	1	1	1	1	1	1	1	1	1	1	1	1	1	1	1	0.00283901472471	1	1	1	1	1	1	1	1	1	1	0.00800650834433	1	1	1	1	1	1	1	1	1	1	1	1	1	1	1	1	1	1	1	1	1	1	1	1	1	1	1	1	1	0.093814512128	1	1	1	1	1	1	1	1	1	1	1	1	1	1	1	1	1	1	1	1	1	1	1	1	1	1	1	1	1	1	1	1	1	1	1	1	1	1	1	1	1	1	1	1	1	1	0.00800650834433	1	1	1	1	1	1	1	1	1	1	1	1
Asthma	1	1	1	1	1	1	1	1	1	1	1	1	1	1	0.0135236003715	1	1	1	1	1	1	0.00940443786195	1	1	1	1	5.08529901233e-06	1	1	6.51747061808e-06	1	1	1	1	1	1	1	1	1	1	0.00254247978921	1	1	0.000361744878897	7.15151337977e-05	1	0.00147777048915	0.0887157550314	1	1	1	1	1	1	1	1	1	1	1	6.83129940774e-05	0.0174510402279	1	1	1	1	1	1	1	0.000107874507344	1	1	0.0039129254612	0.000245446863487	0.010803534538	1	1	1	1	1	4.22099052377e-08	1	1	1	0.0028964839739	3.07357372886e-09	1	1	1	1	1	1	1	0.0371882782285	1	1	1	1	1	1	1	1	1	1	0.0454472258088	1	1	1	1	1	1	1	0.0182882452019	1	1	1	1	1	1	1	1	1	1	1
Autoimmune_thyroid_disease	1	1	1	1	1	1	1	1	1	0.0830418438811	1	1	1	1	0.0393427663486	1	1	1	1	1	1	0.0277801022468	1	1	1	1	3.73898347061e-07	1	1	0.000111807693431	0.0333620166125	1	1	1	1	1	1	1	1	1	0.00778562046865	0.0952548614446	1	0.00193959966887	0.000124508691771	0.00922488731489	0.000670333923032	0.0114358577124	1	1	1	1	1	0.0692885689748	1	1	1	1	1	1.40095642117e-05	0.0501307063968	1	1	1	1	1	1	1	9.03113150819e-07	1	1	0.000139494715426	0.000181601525526	0.00886147193482	1	1	1	0.0328487647916	0.0652216475136	2.93099086113e-08	1	0.0320848549528	1	0.00884672171991	6.01993015437e-08	1	1	1	0.0315131162023	1	0.0368289660984	1	0.0165459215701	1	1	1	1	1	1	1	1	1	1	1	0.00754234581648	1	1	1	1	1	1	0.0524034918783	1	1	1	1	0.0317900329678	1	1	1	1	1	1
B_cell_receptor_signaling_pathway	1	1	1	1	1	1	1	1	1	1	1	1	1	1	1	1	1	1	1	1	1	1	1	1	1	1	1	1	1	1	1	1	1	1	1	1	1	1	1	1	1	1	1	0.0491343124806	1	1	1	1	0.0767578951647	1	1	1	1	0.0229510487469	1	1	1	1	1	1	1	1	1	1	1	1	1	1	1	1	1	1	1	0.0284719557154	1	1	1	1	1	1	1	1	1	1	1	1	1	1	1	1	1	1	1	1	1	1	1	1	1	1	1	1	1	1	1	1	1	1	1	1	1	1	1	1	0.0315309342184	1	1	1	1	1	1	1	1
Bacterial_invasion_of_epithelial_cells	1	1	1	1	1	1	1	1	1	1	1	1	1	1	1	1	1	1	1	1	1	1	0.0301627826662	1	1	1	1	1	1	1	1	1	1	1	1	1	1	1	1	1	1	1	1	1	1	1	1	1	1	1	1	1	1	1	1	1	1	1	1	1	1	1	1	1	1	1	1	1	1	1	1	1	1	1	1	1	1	1	1	1	1	1	1	1	1	1	1	1	1	1	1	1	1	1	1	1	1	1	1	1	1	1	1	1	1	1	1	1	1	1	0.00718806421892	1	1	1	1	1	1	1	1	1	1	1	1
Bile_secretion	1	1	1	1	1	1	1	1	1	1	1	1	1	1	1	1	1	1	1	1	1	1	1	1	1	1	1	1	1	1	1	1	1	1	1	1	1	1	1	1	1	1	1	1	1	1	1	1	0.0697794483259	1	1	1	1	1	1	1	1	1	1	1	1	1	1	1	1	1	1	1	1	1	1	1	1	1	1	1	1	1	1	1	0.0911094457008	1	1	1	1	1	1	1	1	1	1	1	1	1	1	1	1	1	1	1	0.0948319731701	1	1	1	1	1	1	1	1	1	1	1	1	1	1	1	1	1	1	1	1	1	1
Bladder_cancer	0.0313173795437	1	1	1	1	0.00125086224504	1	1	1	1	1	1	1	1	1	0.000735735661588	1	1	1	1	1	1	1	1	1	1	1	0.0762335910194	1	1	1	1	0.0825064248494	1	1	1	1	1	0.0191422596206	1	1	1	1	1	1	1	1	1	1	0.0911094457036	1	1	1	1	0.0135020647137	1	1	1	1	1	1	1	1	1	1	1	1	0.0135020647137	1	1	1	1	0.0386492028912	1	1	1	1	0.0712632875505	1	1	1	1	1	1	1	1	1	0.0721423273452	1	1	1	0.0939364770452	0.0681268880025	1	1	0.00562487140735	1	1	1	1	0.0374873844075	1	0.00315024450723	1	1	1	1	1	1	1	1	1	1	1	1	1	1	1	1	1	1	1	1
Calcium_signaling_pathway	1	1	1	1	1	1	1	1	1	1	1	1	1	1	1	1	1	1	1	1	1	1	1	1	1	1	1	1	1	1	1	1	1	1	1	1	1	1	1	1	1	1	1	1	1	1	1	1	1	1	1	1	1	1	1	1	1	1	1	1	1	1	1	1	1	1	1	1	1	1	1	1	1	1	1	1	1	1	1	1	1	1	1	1	1	1	1	1	1	1	1	1	1	1	1	1	1	1	1	0.042418481524	1	1	1	1	1	1	0.0724580470564	1	1	1	1	1	1	1	1	1	1	1	1	1	1	1	1
Cardiac_muscle_contraction	0.0901422762374	0.0350959168592	1	1	1	1	1	1	1	1	1	1	1	1	1	1	1	1	1	1	1	0.0536003345753	1	1	1	1	1	1	1	1	1	1	1	1	1	1	1	1	1	1	1	1	1	1	1	1	1	1	1	1	1	1	1	1	1	1	1	1	1	1	1	1	1	1	1	1	1	1	1	1	1	1	1	1	1	1	1	1	1	1	1	1	1	1	1	1	1	1	1	1	1	1	1	1	1	1	1	1	1	1	1	1	1	1	1	1	1	1	1	1	1	1	1	1	1	1	1	1	1	1	1	1	1
Cell_adhesion_molecules_(CAMs)	1	1	1	1	1	1	1	0.0602160441303	0.0704411400952	0.00121728643294	1	1	1	1	0.0463979624894	1	1	1	1	1	1	1	0.0153341570378	1	1	1	1.95401263707e-05	1	1	0.00143227732012	1	1	1	1	1	1	1	1	1	1	0.0459134204483	0.00185096218771	1	0.026088341342	0.00408444832478	0.0181304874144	0.0196929494121	0.0255870589699	0.0497858967437	1	1	1	1	0.0990566951251	1	1	1	1	1	0.00107230053461	1	1	1	1	1	1	1	1	1.16686862279e-05	1	1	0.00287332545733	0.00288250067942	0.00491782082264	1	1	1	0.0924256055605	1	6.12111243092e-06	1	0.0899423336047	0.0704411400952	0.0516930880214	6.86480885415e-06	1	1	1	0.0385236639692	0.0353143356884	0.00495792887888	0.0620841523536	0.0495443464397	1	1	1	1	1	1	1	1	1	1	1	0.0196929494121	1	1	0.0301902991372	1	1	1	0.0143655054571	1	1	1	1	1	1	1	0.0982281617045	0.0351464221219	1	1
Cell_cycle	1	1	1	1	1	0.052433181116	1	1	1	1	1	1	1	1	1	0.00627684624882	1	1	1	1	1	1	1	1	0.0354457900835	1	1	1	1	1	1	1	1	1	1	1	1	1	0.0246385062475	1	1	1	1	1	1	1	1	1	0.0395689765426	1	1	1	1	1	0.0968629040105	1	1	1	1	1	1	1	1	1	1	1	1	0.0150615029798	1	1	1	1	1	1	1	1	1	1	1	1	1	1	1	1	1	1	1	0.0095944929133	1	1	1	1	1	1	1	0.0437616540444	1	1	1	1	0.0615643975539	1	0.025423110763	1	1	1	1	1	1	1	1	1	1	1	1	1	1	1	1	1	1	1	1
Chagas_disease_(American_trypanosomiasis)	0.0311089405021	1	0.0141194905777	1	1	1	1	1	1	2.8891272578e-05	1	0.0645813076272	1	1	1	1	1	1	1	1	0.00725018649257	0.0926233315041	1	1	1	1	1.38799406857e-07	1	1	1	1	1	1	1	0.00300062524629	0.00278093990049	1	1	1	1	1	1	1	7.33312296752e-06	1	1	0.0447877971859	0.0952011514393	0.0252437793528	1	1	1	1	0.0525756111711	1	1	0.000616090499643	1	1	0.00383029676423	1	1	1	1	1	1	0.00738805776437	1	8.17931735253e-05	1	1	0.00192090307347	0.00439283209189	4.94747888213e-08	1	1	1	0.00969660649374	1	0.00287819454589	1	1	0.0436800176952	1	0.00135666402439	1	1	1	1	0.0884233198645	1	0.00139002089814	0.00399300430329	0.0081695015672	1	1	0.00207828337623	1	1	1	1	1	1	1	1	1	1	1	1	1	1	0.0353824545029	1	1	0.057028904138	1	1	1	1	1	1	1	1
Chemokine_signaling_pathway	1	1	1	1	1	1	1	1	1	3.20863446057e-06	1	1	1	1	1	1	1	1	1	1	0.0235005730228	1	1	1	0.081183243684	1	2.39211906705e-06	1	1	1	1	1	0.0647888478381	1	1	1	1	1	1	1	1	0.00174304561264	1	0.0603934180018	1	0.006701972157	1	0.0969951576514	0.0278858612203	0.078944229866	1	1	1	0.000128788660971	1	1	0.000626616998944	1	1	0.0181095875151	0.00882564292749	0.082987163528	0.0502139380217	1	1	1	1	1	0.0281613816941	1	0.0326587689832	1.50194703579e-05	0.00532068244088	5.91634729696e-06	1	0.0133875355505	1	6.01659381472e-06	0.00833993825387	0.0231784581655	0.00210631443089	1	1	1	0.0642808155105	1	1	0.0492886012435	1	0.00389770266602	1	0.00359822251744	1	0.00768747856511	0.000603694417804	1	0.00159188674357	1	0.0104007214654	1	0.011944503654	1	1	1	1	1	1	1	1	0.0395039480562	1	1	1	1	1	1	0.0376775577991	0.0386503052631	0.0256453009016	1	0.0642808155105	1	1
Chronic_myeloid_leukemia	1	1	1	1	1	0.050158881271	1	1	1	1	1	1	1	1	1	0.00221412766333	1	1	1	1	1	1	1	1	1	1	1	1	1	1	1	1	1	1	1	1	1	1	0.0530157902919	1	1	1	1	1	1	1	1	1	1	1	1	1	1	1	0.0380376964771	1	1	1	1	1	1	1	1	1	1	1	1	0.0380376964771	1	1	1	1	1	1	1	1	1	1	1	1	1	1	1	1	1	1	1	1	1	1	1	1	1	1	1	0.0163455848299	1	1	1	1	0.0993887434609	1	0.00928285550301	1	1	1	1	1	1	1	1	1	1	1	1	1	1	1	1	1	1	1	1
Citrate_cycle_(TCA_cycle)	1	1	1	1	0.00878358668737	1	1	1	1	1	1	1	1	1	1	1	1	1	1	1	1	1	1	1	1	1	1	1	1	1	1	1	1	1	1	0.0623721755169	1	1	1	1	1	1	1	1	1	1	1	1	1	1	1	1	1	1	1	1	1	1	1	0.0903266469333	1	1	1	1	1	1	1	1	1	1	1	1	1	1	1	1	1	0.0306862481481	1	1	1	1	1	1	1	1	1	1	0.0778332370619	1	1	0.00700243683974	1	1	1	1	0.0147051389114	1	1	1	1	1	1	0.0454472258088	1	1	1	1	1	1	1	1	1	1	1	1	1	1	1	1	1	1	1
Collecting_duct_acid_secretion	1	1	1	1	1	1	1	1	1	1	1	1	1	1	1	1	1	1	1	1	1	1	1	1	1	1	1	1	1	1	1	1	1	1	1	1	1	1	1	1	1	1	1	1	1	1	1	1	1	1	1	1	1	1	1	1	1	1	1	1	1	1	1	1	1	1	1	1	1	1	1	1	1	1	0.0929635897467	1	1	1	1	1	1	1	1	1	1	1	1	1	1	1	1	1	1	1	1	1	1	1	1	1	1	1	1	1	1	1	1	1	1	1	1	1	1	1	1	1	1	1	1	1	1	1	1
Colorectal_cancer	1	1	1	1	1	0.0332955871006	1	1	1	1	1	1	1	1	1	1	1	1	1	1	1	1	1	1	1	1	1	1	1	1	1	1	1	1	1	1	1	1	1	1	1	1	1	1	1	1	1	1	1	1	1	1	1	1	1	1	1	1	1	1	1	1	1	1	1	1	1	0.0281581619533	1	1	1	1	1	1	1	1	1	1	1	1	1	1	1	1	1	1	1	1	1	1	1	1	1	1	1	1	1	1	1	1	1	1	1	1	1	1	1	1	0.0549350279749	1	1	1	1	1	1	1	1	1	1	1	1	1	1
Complement_and_coagulation_cascades	1	1	1	1	1	0.0436203324826	1	1	1	1	1	0.00292988364837	1	0.00116038157961	1	1	1	1	0.00364045474714	1	1	0.0450618590803	1	1	0.0468483695907	1	0.000220038993726	0.0388846310583	1	1	0.0538335169124	1	0.0436203324826	1	0.00133019781107	1	1	1	1	0.025129182914	1	1	1	0.000289053472422	1	1	0.09759569076	1	0.00840380507212	1	1	1	1	1	1	1	0.000640680220239	0.09759569076	1	0.00299673546318	0.0797806530051	1	1	1	1	1	0.00232410084958	1	0.000419595926595	1	1	1	0.00491433000438	0.00412180798719	1	1	1	1	1	0.000247369797252	1	1	1	1	0.00976376426297	1	1	1	1	1	1	1	0.000640680220239	0.0503629179672	1	1	1	1	1	1	0.0137026246135	1	1	1	1	1	1	1	1	1	1	1	1	1	1	1	1	1	1	1	1	1	1
Cysteine_and_methionine_metabolism	1	1	1	1	0.0124990167976	1	1	1	1	1	1	1	1	1	1	1	1	1	1	1	0.0663748761734	1	1	1	1	1	1	1	1	1	1	1	0.00774832804746	1	1	1	1	1	1	1	1	1	1	1	1	1	1	1	1	1	1	1	1	1	1	1	0.0518104874579	1	1	1	1	1	1	0.0257995232786	1	1	1	1	0.0683408413708	1	1	1	1	1	1	1	1	1	1	1	1	0.00867449796368	1	1	1	1	1	1	1	1	1	1	1	1	1	1	1	1	1	1	1	1	1	1	1	1	1	1	1	1	1	1	1	1	1	1	0.0803281780782	1	1	1	1	1	1
Cytokine-cytokine_receptor_interaction	0.00163333306939	1	0.00906037206839	1	1	1	1	1	0.0525420712168	5.26302379456e-09	1	1	1	1	0.0725301223357	1	1	1	1	1	0.00374667037222	1	1	1	0.00218705462019	1	1.41407004994e-08	1	1	1	1	1	0.0314856432893	1	1	1	1	1	1	1	1	2.81760124929e-05	1	0.0362159631665	0.0457881466491	0.000256612454369	0.0519247624203	0.0333603442441	0.000163817060895	0.00454949027602	0.00470095951663	1	1	0.0206060460223	1	1	0.000320421067605	0.00381913280854	1	0.000510510829597	0.00190440768196	1	0.0283728254066	1	0.0841936911676	1	0.0186867187196	1	2.00784798141e-05	1	0.00260513634467	0.00021981932767	5.77211563754e-05	5.24863609396e-05	1	3.06702161228e-05	1	5.76489056492e-09	0.000608025384516	0.0011321861631	0.000504042253933	0.0183255892458	0.0525420712168	1	1	1	1	1.71986521983e-05	0.00791933050333	0.00290799716465	1	0.000488827540416	0.0537438249988	0.00454949027602	0.00215756941823	1	0.00212398397787	0.0104782443451	0.0066323312555	1	1.61563196861e-05	1	1	1	0.0519247624203	1	1	1	1	0.0728400202872	1	0.000424466691534	1	1	1	0.0864296104836	0.000644060482401	0.0153438639721	1	1	1	0.0321537809061	1
Cytosolic_DNA-sensing_pathway	1	1	0.00336864327704	1	1	1	1	1	1	0.00677816032637	1	1	1	1	1	1	1	1	1	1	0.00583682216462	1	1	1	1	1	1.71443566277e-06	1	1	1	1	1	1	1	1	0.051900647064	1	1	1	1	1	0.00162047345249	1	1	0.0135731765527	0.000733792452607	0.0116083160159	0.00356571503316	1	1	1	1	1	0.0138369451038	1	1	1	1	1	1	1	1	1	1	1	1	1	1	0.00557846814195	1	1	0.0112683504265	1	0.000359234878775	1	0.03709793925	1	0.0535380616125	0.000358385323754	0.00540072645681	0.00960358620108	0.013132371318	0.0167123105894	1	1	1	1	1	0.000194766449675	0.00047608287257	0.00338700447532	0.00101098881112	0.0250456283129	0.000849793704269	1	1	0.0923960714943	1	1	1	0.0751616013711	1	1	1	1	1	1	0.00676348264947	1	1	1	0.0691642920396	1	1	0.0221239917939	1	0.0472367038724	0.0229201658938	1	1	1	1	1
Dilated_cardiomyopathy	1	0.0477210270763	0.072221275509	1	1	1	1	1	1	1	1	1	1	1	1	1	1	1	1	1	1	1	0.00493937072802	1	1	1	1	0.0743803502927	1	0.0493099796219	1	1	1	0.00052565904809	1	1	1	1	1	1	1	1	1	1	1	1	1	1	1	1	1	1	1	1	1	1	1	1	1	1	1	0.0214291873646	1	1	1	1	1	1	1	1	1	1	1	1	1	1	1	1	1	1	1	1	0.0335472833306	1	1	1	1	1	1	1	1	1	1	1	1	1	1	1	1	1	1	0.0595283350269	1	1	1	1	1	1	1	1	0.0116792927187	1	1	1	1	1	1	1	1	1	1	1	1
Dorso-ventral_axis_formation	0.0108192342428	1	1	1	1	1	1	1	1	1	1	1	1	1	1	1	1	1	1	1	1	1	1	1	1	1	1	1	1	1	1	1	1	1	1	1	1	1	1	1	1	1	1	1	1	1	1	1	1	1	1	1	1	1	1	1	1	1	1	1	1	1	1	1	1	1	1	1	1	1	1	1	1	1	1	1	1	1	1	1	1	1	1	1	1	1	1	1	1	1	1	1	1	1	1	1	1	1	1	1	1	1	1	1	1	1	1	1	1	1	1	1	1	1	1	1	1	1	1	1	1	1	1
Drug_metabolism_-_cytochrome_P450	1	0.00273087918621	1	1	1	1	1	1	1	1	1	1	1	1	1	1	1	1	1	1	1	1	1	1	1	1	1	1	1	1	1	1	1	1	1	1	1	1	1	1	1	1	1	1	1	1	1	1	1	1	1	1	1	1	1	1	1	1	1	1	1	1	1	1	1	1	1	1	1	1	1	1	1	1	1	1	1	1	1	1	1	1	1	1	1	1	1	1	1	1	1	1	1	1	1	1	1	1	1	1	1	1	1	1	1	1	1	1	1	1	1	1	1	1	1	1	1	1	1	1	1	1	1
ECM-receptor_interaction	1	1	1	1	1	1	1	1	1	1	1	1	1	1	1	1	1	1	1	1	1	1	1	1	1	1	1	1	1	1	1	1	1	1	1	1	1	1	1	1	1	1	1	1	1	1	1	1	1	1	1	1	1	1	1	1	1	1	1	1	1	1	1	1	1	1	1	1	1	1	1	1	1	1	1	1	1	1	1	1	1	1	1	1	1	1	1	1	1	1	1	1	1	1	1	1	1	1	1	1	1	1	1	1	1	1	1	1	1	1	1	1	1	1	1	1	1	1	1	1	0.0148925763218	1	1
Endocrine_and_other_factor-regulated_calcium_reabsorption	1	1	1	1	1	1	1	1	1	1	1	0.0809230931608	1	1	1	1	1	1	1	1	1	1	1	1	1	1	1	1	1	1	1	1	1	1	1	1	1	1	1	1	1	1	1	1	1	1	1	1	1	1	1	1	1	1	1	1	1	1	1	1	1	1	1	1	1	1	1	1	1	1	1	1	1	1	1	1	1	1	1	1	0.0475311492068	1	1	1	1	1	1	1	1	1	1	1	0.0889748218898	1	1	1	1	1	1	1	1	1	1	1	1	1	1	1	1	1	1	1	1	1	1	1	1	1	1	1	1	1	1
Endocytosis	1	1	1	1	1	1	1	1	1	1	1	1	1	1	1	1	1	1	1	1	1	1	1	1	1	1	1	1	1	1	1	1	1	1	1	1	1	1	1	1	1	1	1	1	1	1	1	1	1	1	1	1	1	0.0829566936133	1	1	1	1	1	1	1	1	1	1	0.0433393421889	1	1	1	1	1	1	1	1	1	1	1	1	1	1	1	1	1	1	1	1	1	1	1	1	1	1	1	1	1	1	1	1	1	1	1	1	1	1	1	0.0686991812812	0.0364795548039	1	1	1	1	1	1	1	1	1	1	1	1	1	1	1	1	1
Epithelial_cell_signaling_in_Helicobacter_pylori_infection	1	1	1	1	1	1	1	1	1	0.0405455461363	1	1	1	1	1	1	1	1	1	1	0.0436203324811	1	1	1	1	1	0.0765568782062	1	1	1	1	1	1	1	1	1	1	1	1	1	1	1	1	0.0400686149907	1	1	1	1	1	1	1	1	1	1	1	1	1	1	1	1	1	1	1	1	1	1	1	1	0.0999682947245	1	1	0.0590218856246	1	0.084971706487	1	1	1	1	1	1	0.0825064248463	1	0.019353901958	1	1	1	1	1	1	1	1	0.0946939188053	1	1	1	1	1	1	1	1	1	1	1	1	1	1	1	1	1	1	1	1	1	1	1	1	1	1	1	1	1	1	1
ErbB_signaling_pathway	1	1	1	1	1	1	1	1	1	1	1	1	1	1	1	1	1	1	1	1	1	1	1	1	1	1	1	1	1	1	1	1	1	1	1	1	1	1	1	1	1	1	1	1	1	1	1	1	1	1	1	1	1	1	1	1	1	1	1	1	1	1	1	1	1	1	1	0.0533095592686	1	1	1	1	1	1	1	1	1	1	1	1	1	1	1	1	1	1	1	1	1	1	1	1	1	1	1	1	1	1	1	1	1	1	1	1	1	1	1	1	1	1	1	1	1	1	1	1	1	1	1	1	1	1	1
Ether_lipid_metabolism	1	1	1	1	1	1	1	1	1	1	1	1	1	1	1	1	1	1	1	1	1	1	1	1	1	1	1	0.0581251936914	1	1	1	1	1	1	1	1	1	1	1	1	1	1	1	1	1	1	1	1	1	1	1	1	1	1	1	1	1	1	1	1	1	1	1	1	1	1	1	1	1	1	1	1	1	1	1	1	1	1	1	1	1	1	1	1	1	1	1	1	1	1	1	1	1	1	1	1	1	1	1	1	1	1	1	1	1	1	1	1	1	1	1	1	1	1	1	1	1	1	1	1	1	1	1
Fat_digestion_and_absorption	1	1	1	1	1	1	0.0442460485332	1	1	1	1	1	1	1	1	1	1	1	1	1	1	1	1	1	1	1	1	1	1	1	1	1	1	1	1	1	1	1	1	1	1	1	1	1	1	1	1	1	1	1	1	1	1	1	1	1	1	1	1	1	1	1	1	1	1	1	1	1	1	1	1	1	1	1	1	1	1	1	1	1	1	1	1	1	1	1	1	1	1	1	1	1	1	1	1	1	1	1	1	1	1	1	1	1	1	1	1	1	1	1	1	1	1	1	1	1	1	1	1	1	1	1	1
Fatty_acid_metabolism	1	1	1	1	1	1	0.0408128760406	1	1	1	1	1	1	1	1	1	1	1	1	1	1	1	1	1	1	1	0.0880392338568	1	1	1	1	1	1	1	1	1	1	1	1	1	1	1	1	1	1	1	1	1	1	1	1	1	1	1	1	1	1	1	1	1	1	1	1	1	1	1	1	1	1	1	1	1	1	1	1	1	1	1	1	1	1	1	1	1	1	1	1	1	1	1	1	1	1	1	1	1	1	1	1	1	1	1	1	1	1	1	1	1	1	1	1	1	1	1	1	1	1	1	1	1	1	1	1
Fc_gamma_R-mediated_phagocytosis	1	1	1	1	1	0.09381604891	1	1	1	1	1	1	1	0.000419214215837	1	1	1	1	1	1	1	1	1	1	1	1	0.0775272230502	0.0844028405716	1	0.0562845079977	0.0939703752528	1	0.09381604891	1	1	0.0400036616977	1	1	1	0.0793735516631	1	1	1	1	1	1	1	1	1	1	1	1	1	0.00726216410996	0.0610738428301	1	0.00269791050628	1	1	0.0528121360939	1	1	1	1	1	1	1	1	0.0123729497525	1	1	1	0.0259823337503	1	1	1	1	1	1	1	1	1	1	1	1	1	1	1	1	1	1	0.09912319306	1	0.0274000507766	1	1	0.0242390847528	1	1	1	1	1	1	1	1	1	1	1	1	1	1	1	1	1	1	1	1	0.0140125689092	1	1	1	1	1
Focal_adhesion	1	1	1	1	1	1	1	1	1	1	1	1	1	1	1	1	1	1	1	1	1	1	0.0422782828429	1	1	1	1	0.067044822167	1	1	1	1	1	0.0523298919442	1	1	1	1	1	1	1	1	1	1	1	1	1	1	1	1	1	1	1	1	1	1	1	1	1	1	1	1	1	1	1	1	1	1	1	1	1	1	1	1	1	1	1	1	1	1	1	1	1	1	1	1	1	1	1	1	1	1	1	1	1	1	1	1	1	1	1	1	1	1	1	1	1	1	1	1	0.0523298919442	1	1	1	1	1	1	1	1	1	1	1	1
Folate_biosynthesis	1	1	1	1	1	1	1	1	1	1	1	1	1	1	1	1	1	1	1	1	1	1	1	1	1	1	1	1	1	1	1	1	1	1	1	1	1	1	1	1	1	1	1	1	1	1	1	1	1	1	1	1	1	1	1	1	1	1	1	1	1	1	1	1	1	1	1	1	0.0446271215991	1	1	1	1	1	1	1	1	1	1	1	1	1	1	1	1	1	1	1	1	1	1	1	1	1	1	1	1	1	1	1	1	1	1	1	1	1	1	1	1	1	1	1	1	1	1	1	1	1	1	1	1	1	1
Fructose_and_mannose_metabolism	1	1	1	1	1	1	1	1	1	1	1	1	1	1	1	1	1	1	1	1	1	1	1	1	1	1	1	1	1	1	1	1	1	1	1	0.0857800043285	1	1	1	1	1	1	1	1	1	1	1	1	1	1	1	1	1	1	1	1	1	1	1	1	1	1	1	1	1	1	1	1	1	1	1	1	1	1	1	1	1	1	1	1	1	1	1	1	1	1	1	1	1	1	1	1	1	1	1	1	1	1	1	1	1	1	1	1	1	1	1	1	1	1	1	1	1	1	1	1	1	1	1	1	1	1	1
Gap_junction	1	1	1	1	1	1	1	1	1	1	0.020983794732	1	1	1	1	1	1	0.0646024058343	1	1	1	1	0.000350354891945	1	0.0986349409902	1	1	0.0724442871184	1	1	1	1	1	1	1	1	1	1	7.55020453416e-05	0.0636184642562	1	1	1	1	1	1	1	1	1	1	1	1	1	1	1	1	1	1	1	1	1	1	1	1	1	1	1	0.0543952360834	1	1	1	1	1	1	0.0894389059237	1	1	1	1	1	1	1	1	0.0237480340567	1	1	1	1	1	1	1	1	1	1	1	1	1	1	1	1	1	0.0068014819285	1	1	1	1	1	1	0.0167563452348	1	0.000508660096197	1	1	1	1	1	1	1	1	1	1	1	0.00763118571744
Gastric_acid_secretion	1	1	1	1	0.0479630698213	1	1	1	1	1	1	1	1	1	1	1	1	1	1	1	1	1	1	1	1	1	1	1	1	1	1	1	1	1	1	1	1	1	1	0.0327584186646	1	1	1	1	1	1	1	1	0.0749926857882	1	1	1	1	1	1	1	1	1	1	1	1	1	1	1	1	1	1	0.0389937131527	1	1	1	1	0.0757526444303	1	0.0521289160606	1	1	1	1	1	1	1	1	1	1	1	1	1	1	1	1	1	1	1	1	1	1	1	1	1	1	1	1	0.0518645062941	1	1	1	1	1	1	1	1	1	1	1	1	1	1	1	1	1	1	1
Glioma	1	1	1	1	0.0379145421633	0.00621925758845	1	1	1	1	1	1	1	1	1	0.00175884180159	1	1	1	1	1	1	1	1	1	1	1	1	1	1	1	1	0.0375440316604	1	1	1	1	1	0.00424663274964	1	1	1	1	1	1	1	1	1	1	1	1	1	1	1	0.0307334996883	1	1	1	1	1	1	1	1	1	1	1	1	0.0025023522373	1	1	1	1	0.0482001214739	1	1	1	1	0.0617010624689	1	1	1	1	1	1	1	1	1	1	1	1	1	1	1	1	1	0.0131020417451	1	1	1	1	0.0815579787864	1	0.00741418078205	1	1	1	1	1	1	1	1	1	1	1	1	1	1	1	1	1	1	1	1
Glutathione_metabolism	1	0.000860075053769	1	1	0.0224602326464	1	1	1	1	1	1	0.0809230931608	1	1	1	1	1	1	1	1	1	1	1	1	1	0.00426870581251	1	1	1	1	1	1	1	1	1	1	1	1	1	1	1	1	1	1	1	1	0.0538020797822	0.047808353593	1	1	1	1	1	1	1	1	0.0889748218898	1	1	0.00161906334696	1	1	1	1	1	1	1	1	1	1	1	1	0.0621635333487	1	0.00225576588391	1	1	0.0254843177109	1	0.0121517543076	0.0475311492068	1	1	1	1	1	0.00138758794659	1	1	1	1	0.0371563273753	1	1	1	1	1	1	1	0.00357625031671	1	1	1	0.0180022823087	1	1	0.00228509009286	1	1	1	1	1	1	1	1	1	1	1	1	1	1	1	1
Glycerolipid_metabolism	1	1	1	1	1	0.0210795387869	1	1	1	1	0.00750286748452	1	1	0.0484435251935	1	1	1	1	1	1	1	0.0268129165531	1	1	1	1	1	1	1	1	0.0322111061384	1	1	1	1	1	1	1	0.0285676417233	1	1	1	1	1	1	1	1	1	1	1	1	1	1	1	0.0202621778838	1	1	1	1	0.037153815022	1	1	1	1	1	1	1	1	1	1	1	1	1	1	1	1	1	1	1	0.069922014365	1	1	1	1	1	1	1	1	1	1	1	1	1	1	1	1	1	1	1	1	1	1	1	1	1	1	1	1	1	1	1	1	1	1	1	1	1	0.0929331851887	1	1	1	1	1
Glycerophospholipid_metabolism	1	1	1	1	0.0576205188597	1	1	1	1	1	1	1	1	1	1	1	1	1	1	1	1	1	1	1	1	1	1	1	1	1	1	1	1	1	1	1	1	1	1	1	1	1	1	1	1	1	1	1	1	1	1	1	1	1	1	1	1	1	1	1	1	1	1	1	1	1	1	1	1	1	1	1	1	1	1	1	1	1	1	1	1	1	1	1	1	1	0.0539823460057	1	1	1	1	1	1	1	1	1	1	1	1	1	1	1	1	1	1	1	1	1	1	1	1	1	1	1	1	1	1	1	1	1	1	1	1
Glycine,_serine_and_threonine_metabolism	1	1	1	1	1	1	1	1	1	1	1	1	1	1	0.00085487053053	1	1	1	1	1	1	1	1	1	1	1	1	1	1	1	1	1	1	1	1	0.0699006799347	1	1	1	1	1	1	1	1	0.082455329797	1	1	1	1	0.00653647486721	1	1	1	1	1	1	1	1	1	1	1	1	1	1	1	1	1	1	1	1	1	0.032313543854	1	1	1	1	1	1	1	1	1	0.0355949047152	1	1	1	1	1	0.0444206708346	0.00388775001953	1	1	1	1	0.0566435163269	1	1	1	0.0113807527194	1	1	1	1	1	1	0.00178615080112	1	1	1	1	1	1	1	0.000182958410969	1	1	1	1	1	1	0.00677800090715	1	1	1
Glycolysis_/_Gluconeogenesis	1	1	1	1	1	1	1	1	1	1	1	1	1	1	1	1	1	1	1	1	1	1	1	1	1	1	1	1	1	1	1	1	1	1	1	0.0582509308636	1	1	1	1	1	1	1	1	1	1	1	1	1	1	1	1	1	1	1	1	1	1	1	1	1	1	1	1	1	1	1	1	1	1	1	1	1	1	1	1	1	1	1	1	1	1	1	1	1	1	1	1	1	1	1	1	1	1	1	1	1	1	1	1	1	1	1	0.0375440316604	1	1	1	1	1	1	1	1	1	1	1	1	1	1	1	1	1	1	1
Glycosphingolipid_biosynthesis_-_ganglio_series	1	1	1	1	1	1	1	1	1	1	1	1	1	1	1	1	1	1	1	1	1	1	1	1	1	1	1	1	1	1	1	1	1	1	1	1	1	1	1	1	1	1	1	1	1	1	1	1	1	1	1	1	1	1	1	1	1	1	1	1	1	1	1	1	1	1	1	1	1	1	1	1	1	1	1	1	1	1	1	1	1	1	1	1	1	1	1	1	1	1	1	0.0560683301241	1	1	1	1	1	1	1	1	1	1	1	1	1	1	1	1	1	1	1	1	1	1	1	1	1	1	1	1	1	1	1
Glyoxylate_and_dicarboxylate_metabolism	1	1	1	1	1	1	1	1	1	1	1	1	1	1	1	1	1	1	1	1	1	1	1	1	1	1	1	1	1	1	1	1	1	1	1	1	1	1	1	0.0690161992259	1	1	1	1	1	1	1	1	1	1	1	1	1	1	1	1	1	1	1	1	1	1	1	1	1	1	1	1	1	1	1	1	1	1	0.0452221861586	1	1	1	1	1	1	1	1	1	1	1	1	1	1	1	1	1	1	1	1	1	1	1	1	1	1	1	1	0.0174437394103	1	1	1	1	1	1	1	1	1	1	1	1	1	1	1	1	1	1	1
GnRH_signaling_pathway	1	1	1	1	0.0829401738535	1	1	1	1	1	1	1	1	1	1	1	1	1	1	1	1	1	1	1	1	1	1	1	1	1	1	1	1	1	1	1	1	1	1	1	1	1	1	1	1	1	1	1	1	1	1	1	1	1	1	1	1	1	1	1	1	1	1	1	1	1	1	0.0680221289854	1	1	1	1	1	0.0709219076807	1	1	1	0.0282337921397	1	1	1	1	1	1	1	1	1	1	1	1	1	1	1	1	1	1	1	1	1	1	1	1	1	1	1	1	1	1	1	1	1	1	1	1	1	1	1	1	1	1	1	1	1
Graft-versus-host_disease	1	1	1	1	1	1	1	0.0794071736563	1	0.0501740560499	1	1	1	1	1	1	1	1	1	1	1	0.0187649812538	1	1	1	1	3.08750836009e-09	1	1	4.02099137733e-05	0.0226101185383	1	1	1	1	1	1	1	1	1	0.00517762988253	1	1	0.00105489591277	0.00041447277957	0.020415218995	0.00419066409876	0.0343786892395	1	1	1	1	1	0.0477832115149	1	1	1	1	1	1.98202842805e-07	0.0342733458773	1	1	1	1	1	0.0120218351267	1	1.29068431054e-06	1	1	0.000313095007065	4.48839301215e-06	0.000484098489205	1	1	1	0.00284598819514	0.0341877737514	3.36303562776e-09	1	0.0740629568041	1	0.00588990340442	2.04311749741e-08	1	1	1	0.054820551469	1	0.00333171624672	0.0243565689961	0.000902845833343	1	1	1	1	1	1	1	1	1	1	0.0859137726267	0.00419066409876	1	1	0.00330016505702	1	1	1	1	1	1	1	1	0.0183743930694	1	1	1	1	1	1
Hematopoietic_cell_lineage	0.00259629567359	1	1	1	0.0652738893788	1	1	1	1	0.00150102296595	1	1	1	1	0.0961445447342	1	1	0.0628745618829	1	1	0.000536812373628	0.0694445944149	1	1	1	1	1.30149696465e-07	1	1	1.33501778937e-05	1	1	0.0176295992758	1	1	0.00671195592503	1	1	1	1	1	1	1	0.000732620169066	0.0424108246087	0.0204745838909	1	1	1	1	1	1	1	1	1	1	0.0604139105816	1	0.0205424142903	2.244789858e-06	1	1	0.0572027328151	1	1	1	0.0458268762219	1	1.68817781138e-05	1	1	0.0436083154403	0.00138870454045	0.0022955155593	1	0.0694445944149	1	2.90093165596e-05	1	4.52121340366e-10	0.0245203886219	1	1	1	0.0155586390165	0.00746564710918	1	0.0653814119776	0.0742629197455	0.0499516439434	0.0582491251168	0.00186780973207	0.00192618135687	1	1	1	0.066178193835	1	1	1	0.0260802364047	1	1	1	1	1	0.0824553297979	0.0132933872387	1	1	1	1	1	1	1	1	0.00571265657004	1	1	1	1	1	1
Hepatitis_C	1	1	1	1	1	1	1	1	0.0704411400952	1	1	0.0225948833942	1	1	1	1	1	1	1	0.0351464221219	1	1	1	1	1	1	1	1	1	1	1	1	1	1	1	1	1	0.0136067426703	1	1	1	9.97475504536e-05	1	1	0.000178318612047	0.000464163983088	0.000535614768914	7.88346572257e-05	1	0.000209764386932	1	1	1	1	1	1	1	1	1	1	1	1	0.0214084881472	1	1	1	1	1	0.0268590832651	1	1	0.000752835921296	1	1	1	1	1	1	0.0161089583529	1	1	0.00101204586649	1	1	1	1	1	1	0.00191805009716	0.00024852744931	0.0431708429866	0.0242353930743	1	1	1	1	1	1	1	1	1	1	1	1	1	1	1	1	1	1	1	0.0684531777541	1	1	0.0910199873906	1	1	1	1	1	1	1	1
Histidine_metabolism	1	1	1	1	1	1	1	1	1	1	1	1	1	1	1	1	1	1	1	1	1	0.00940443786195	1	1	1	1	1	1	1	1	1	1	1	1	1	1	1	1	1	1	1	1	1	1	1	1	1	1	1	1	1	1	1	1	1	1	1	1	1	1	1	1	1	1	1	1	1	1	1	1	1	1	1	1	1	1	1	1	1	1	1	1	1	1	1	1	1	1	1	1	1	1	1	1	1	1	1	1	1	1	1	1	1	1	1	1	1	1	1	1	1	1	1	1	1	1	1	1	1	1	1	1	1
Huntington's_disease	1	1	1	1	1	1	1	0.0483472406675	1	1	1	1	1	1	1	1	1	1	1	1	1	1	1	1	1	1	1	1	1	1	1	1	1	1	1	1	1	1	1	0.0748782820315	1	1	1	1	1	1	1	1	1	1	1	0.0184405171858	1	1	1	1	1	1	1	1	1	1	1	1	1	1	1	1	1	1	1	1	1	1	0.0596922826289	1	1	1	1	1	1	1	1	1	1	1	1	1	1	1	1	1	1	1	1	1	1	1	1	1	1	1	1	0.0174579401994	1	1	1	1	1	1	1	1	1	1	1	1	1	1	1	1	1	1	1
Hypertrophic_cardiomyopathy_(HCM)	1	0.0412208073221	0.0626678846635	1	1	1	1	1	1	1	1	1	1	1	1	1	1	1	1	1	1	1	0.00393265632295	1	1	1	1	0.0613252922409	1	0.0403193354086	1	1	1	0.000414088097199	1	1	1	1	1	1	1	1	1	1	1	1	1	1	1	1	1	1	1	1	1	1	1	1	1	1	1	1	1	1	1	1	1	1	1	1	1	1	1	1	1	1	1	1	1	1	1	1	0.0288889191828	1	1	1	1	1	1	1	1	1	1	1	1	1	1	1	1	1	1	0.0515372164656	1	1	1	1	1	1	1	1	0.00999503069252	1	1	1	1	1	1	1	1	1	1	1	1
Insulin_signaling_pathway	1	1	1	1	1	1	1	1	1	1	1	1	1	1	1	1	1	1	1	1	1	1	1	1	1	1	1	1	1	1	1	1	1	1	1	0.0113067241923	1	1	1	1	1	1	1	1	1	1	1	1	1	1	1	1	1	1	1	1	1	1	1	1	1	1	1	1	1	1	1	1	1	1	1	1	1	1	1	1	1	1	1	1	1	1	1	1	1	1	1	1	1	1	1	1	1	1	1	1	1	1	1	1	1	1	1	0.0734681947181	1	1	1	1	1	1	1	1	1	1	1	1	1	1	1	1	1	1	1
Intestinal_immune_network_for_IgA_production	1	1	1	1	1	1	0.0460018587278	0.0924992584369	1	0.0623964568286	1	1	1	1	0.00262894249169	1	1	1	1	1	1	0.0221927613437	1	1	0.0650541744635	1	1.28924516019e-06	1	1	6.23151241343e-05	0.0267048550456	1	1	1	1	1	1	1	1	1	0.00616181654016	0.0154656481393	1	0.00136847418185	5.16100562442e-06	0.00554301644226	0.000422212448125	0.00102910399582	1	1	1	1	1	1	1	1	1	1	1	4.48974658607e-06	0.00385913200996	1	1	0.0421946967992	1	1	1	1	2.74825023849e-07	1	1	0.000513240586726	0.000504304838842	0.00579076728123	1	0.0221927613437	1	0.0222166203577	0.0452697611558	1.31039554097e-07	1	0.0912413840447	1	0.00700632950864	3.24073826663e-08	1	1	1	0.0197697329822	0.0216832361735	1	1	0.0119570310352	1	1	1	1	1	1	1	1	1	1	0.0999518346923	1	1	1	1	1	1	1	0.000293771473389	1	1	1	1	0.0232617790568	1	1	1	1	1	1
Jak-STAT_signaling_pathway	0.0839373556752	1	0.0405658974849	1	1	1	1	1	1	0.0105626339398	1	1	1	1	1	1	1	1	1	1	1	1	1	1	1	1	0.0334685768736	1	1	1	1	1	0.0320088843971	1	1	0.00511045997149	1	1	1	1	1	0.0414749969483	1	1	1	0.0372417593419	1	0.0454669476827	1	1	1	1	1	1	1	1	1	1	1	1	1	1	1	1	1	1	1	1	0.00793777573743	1	1	1	1	1	1	1	1	0.00944928883952	0.0353614023147	1	1	1	1	1	1	1	1	0.0817735349139	1	1	0.0783322646899	1	0.0743832120901	1	1	1	1	1	1	1	1	1	1	1	1	1	1	1	1	1	1	0.0226374975804	1	1	1	1	0.0531789530668	1	1	1	1	1	1
Leishmaniasis	1	1	0.0486535565186	1	1	1	1	1	1	0.0125820084232	1	0.0619911335975	1	0.00136076594923	0.0680556587734	1	1	1	1	1	0.0521238264146	0.000391478448691	1	1	0.0134908614089	1	9.39637256892e-11	0.00758756743387	1	2.27894616178e-07	0.0580677423801	1	1	1	1	0.0744131584225	1	1	1	0.00758688235453	0.0140429283346	1	1	1.90085649139e-05	0.00428846028477	1	0.0173610622174	1	0.0715032378955	1	1	1	1	0.00269133669258	0.00335025020347	1	0.00604068860968	0.0173610622174	1	1.73241536672e-07	0.00136076594923	1	1	0.0135032820235	1	1	0.00262534229926	1	3.37444576726e-08	1	1	0.000943581288583	1.99802321577e-07	1.1796968169e-07	1	1	1	0.001232913676	0.000993930477106	5.5825062254e-06	0.0933006830357	0.0813992144554	1	0.0159229423515	2.87234689922e-07	1	1	0.0399534747649	0.0100188412335	0.0813992144554	0.0280186596315	8.70568882563e-05	0.000779190165943	0.010883390687	1	1	0.00146574109352	0.0517244808078	1	1	1	1	1	0.00890524797425	1	1	1	0.00903878373556	0.0715032378955	1	1	0.0895442761709	1	0.00215445022577	0.0292389947611	1	1	0.0337381504114	1	1	1	1	1
Leukocyte_transendothelial_migration	1	1	1	1	1	1	1	1	1	1	1	1	1	1	1	1	1	1	1	1	1	1	0.0102099027161	1	1	1	1	0.00160897572217	1	0.0920789898888	1	1	0.0104211200219	1	1	1	1	1	1	0.0633931006748	1	1	1	1	1	1	1	1	1	1	1	0.0272491561142	1	0.069840012285	1	1	1	1	1	1	1	1	0.0143554131122	1	1	1	1	1	1	1	1	1	1	1	1	1	1	1	1	0.0636861308632	1	1	1	0.0393733560759	1	1	1	1	1	1	1	1	1	1	1	1	1	1	1	1	1	0.0938602183203	1	1	1	0.0129320244961	1	1	1	1	0.0192504405455	1	1	1	1	1	1	1	1	1	1	1	1
Long-term_potentiation	1	1	1	1	0.0433855372569	1	1	1	1	1	1	1	1	1	1	1	1	1	1	1	1	1	1	1	1	1	1	1	1	1	1	1	1	1	1	1	1	1	1	1	1	1	1	1	1	1	1	1	1	1	1	1	1	1	1	1	1	1	1	1	1	1	1	1	1	1	1	1	1	1	1	1	1	1	1	1	1	0.0766795456687	1	1	1	1	1	1	1	1	1	1	1	1	1	1	1	1	1	1	1	1	1	1	1	1	1	0.0452120277937	1	1	1	1	1	1	1	1	1	1	1	1	1	1	1	1	1	1	1
Lysosome	1	1	1	1	0.00239551576194	1	1	0.00191138333932	0.0573202234258	1	1	1	1	1	0.0346085279	1	0.0418587968586	1	1	1	1	1	1	1	1	1	1	1	0.0371175349418	1	0.0274148463253	1	1	1	1	1	0.0205110443067	1	1	1	0.0371175349418	1	1	1	1	1	1	1	1	1	1	1	1	1	1	1	0.000207122417814	1	1	1	1	1	0.0993556949737	0.0516121581549	1	1	0.0111884793693	1	1	0.00598381759293	1	1	0.0317466695556	1	0.0806744284568	1	1	0.0209344546034	1	1	0.0104976063809	1	1	0.0418587968586	1	1	1	1	1	1	1	0.0368220780631	1	0.0150892957816	1	1	0.00486091127014	1	1	1	1	1	1	0.0119414948937	1	1	0.00044104290204	1	1	1	1	1	0.00865715029138	0.00598381759293	1	1	1	1	1	1	1	1	1
MAPK_signaling_pathway	1	1	1	1	1	1	1	1	1	1	1	1	1	1	1	1	1	1	1	1	1	1	1	1	1	1	1	1	1	1	1	1	1	1	1	1	1	1	1	1	1	1	1	1	1	1	1	1	1	1	1	1	1	1	1	1	1	1	1	1	1	1	1	1	1	1	1	1	1	1	1	1	1	1	1	1	1	1	1	1	1	1	1	1	1	1	1	1	1	1	1	1	1	1	1	1	1	1	1	1	1	1	1	1	1	0.0596283273517	1	1	0.0779696386585	1	0.0858697397326	1	1	1	0.0157940181066	1	1	1	1	1	1	1	1
Malaria	0.0446822206175	1	0.00192370583529	1	1	1	1	1	1	4.93996219415e-05	0.00722493124476	1	1	1	1	1	1	1	1	1	0.0028799431986	1	1	1	1	1	0.00127528268978	1	1	1	1	1	1	1	1	0.0317560684341	1	1	1	1	1	0.0871640236861	1	1	1	0.0356107940953	1	1	1	1	1	1	1	0.00811075792985	1	1	0.0149214330167	1	1	1	1	1	0.0210449704758	1	1	1	1	1	0.0447510656042	1	1	0.00495241997838	0.0192445727216	0.0439584357503	1	0.0258599094176	1	0.0290271857908	1	0.00229946458826	1	0.0283448901598	1	1	1	0.00256099421793	1	1	0.0906307486664	0.0283448901598	0.0069850200368	0.00980423762	1	0.00319588445773	1	1	0.0114802948706	1	0.00155884462691	1	1	1	1	1	1	1	1	0.00461756293728	1	1	1	0.0489092851035	1	1	1	1	1	1	1	0.0166556878385	1	1	1
Measles	1	1	1	1	1	1	1	1	1	0.00451331702741	1	0.0067769019727	1	1	0.0455567219536	1	1	1	1	0.00287064616999	0.0735488129518	1	1	1	1	1	0.00494924582688	1	1	1	1	1	0.0674887981215	1	1	0.00228365931196	1	1	1	1	1	3.31528903275e-06	1	0.025593601213	4.46191182135e-06	4.51996217088e-06	6.67485806161e-06	2.00846935561e-06	1	3.05730646406e-05	1	1	1	0.0974097148339	1	1	1	1	1	1	1	0.0453045239498	1	1	0.0150340915132	1	0.0970091322144	1	0.000209793007806	1	1	0.000710532267828	0.0547285658198	0.00472320241636	1	1	1	0.0353234360436	0.00165032314727	1	1	5.14292204654e-05	1	1	1	1	1	1	0.00015382167395	5.14292204654e-05	7.9089876068e-05	0.000689777360108	0.0118405250767	1	1	1	0.0294513167768	1	1	1	1	1	1	1	0.0838941860932	1	1	1	1	1	1	1	1	1	0.0132928598831	1	1	0.0103017628163	1	1	1	1	1
Melanogenesis	1	1	1	1	0.0829401738535	1	1	1	1	1	1	1	1	1	1	1	1	1	1	1	1	1	1	1	1	1	1	1	1	1	1	1	1	1	1	1	1	1	1	1	1	1	1	1	1	1	1	1	1	1	1	1	1	1	1	1	1	1	1	1	1	1	1	1	1	1	1	1	1	1	1	1	1	1	1	1	1	1	1	1	1	1	1	1	1	1	1	1	1	1	1	1	1	1	1	1	1	1	1	1	1	1	1	1	1	1	1	1	1	1	1	1	1	1	1	1	1	1	1	1	1	1	1
Melanoma	1	1	1	1	1	0.0452120277937	1	1	1	1	1	1	1	1	1	0.00203746118401	1	1	1	1	1	1	1	1	1	1	1	1	1	1	1	1	1	1	1	1	1	1	0.0491772804521	1	1	1	1	1	1	1	1	1	1	1	1	1	1	1	0.0352260563065	1	1	1	1	1	1	1	1	1	1	1	1	0.0352260563065	1	1	1	1	1	1	1	1	1	1	1	1	1	1	1	1	1	1	1	1	1	1	1	1	1	1	1	0.0150922683341	1	1	1	1	0.0925774847005	1	0.00855957384083	1	1	1	1	1	1	1	1	1	1	1	1	1	1	1	1	1	1	1	1
Metabolism_of_xenobiotics_by_cytochrome_P450	1	0.00252238194192	1	1	1	1	1	1	1	1	1	1	1	1	1	1	1	1	1	1	1	1	1	1	1	1	1	1	1	1	1	1	1	1	1	1	1	1	1	1	1	1	1	1	1	1	1	1	1	1	1	1	1	1	1	1	1	1	1	1	1	1	1	1	1	1	1	1	1	1	1	1	1	1	1	1	1	1	1	1	1	1	1	1	1	1	1	1	1	1	1	1	1	1	1	1	1	1	1	1	1	1	1	1	1	1	0.0566435163261	1	1	1	1	1	1	1	1	1	1	1	1	1	1	1	1
Mineral_absorption	0.00452670816089	1	0.00192370583529	1	1	1	1	0.0177333372951	1	1	1	0.0888342641559	0.000459501230115	1	1	1	1	0.00182939859319	1	1	1	0.0258599094176	1	1	1	1	2.65271746913e-06	1	1	0.0795353139488	1	1	1	1	1	3.29993468107e-07	1	1	1	1	1	0.0871640236861	1	1	1	1	1	1	1	1	1	1	1	1	1	1	1	1	1	0.00915835365182	0.0467779146559	1	1	1.39587108539e-09	3.95807977316e-05	1	1	1	0.0447510656042	1	1	1	1.95955989202e-05	0.000120639679473	1	1	1	0.0290271857908	1	1	0.0510755813813	1	1	1	1	1	1	0.00194313495335	1	0.0283448901598	0.032585938736	0.00980423762	0.00172037402211	1	1	1	0.0581776313221	1	1	1	1	1	1	1	1	1	1	1	1	0.00318349958144	1	1	1	1	1	1	1	1	1	1	1	1	1
NOD-like_receptor_signaling_pathway	1	1	0.00292448864381	1	1	0.00439961714897	1	1	1	1.53311826511e-05	1	1	1	1	0.0477825488348	1	1	1	1	1	0.00488904008387	1	1	1	0.0286119566454	1	0.000476529856231	0.00372935889278	1	1	1	1	1	1	1	0.0459103522162	1	1	0.0360614874196	1	1	0.0070489549637	1	1	1	0.0143225075537	1	0.00286921253942	1	1	1	0.0429438398054	1	0.000106061015339	1	1	1	1	1	0.0587262368664	0.060687170681	1	1	1	1	1	1	0.0018940031413	0.0191364589004	1	1	0.0399925716123	0.0337694309252	0.00207263468508	1	1	1	0.0460055600564	0.00139624295519	0.0939719977683	0.00837810051324	0.0107245921569	0.0152088144321	0.0108806141863	1	1	1	0.0239699937084	0.0468866167471	0.000349552334745	1	0.000748216435376	1	0.000676145882788	1	1	0.0188240403619	1	0.0296597474048	1	1	0.00212584506531	1	1	0.0746345482958	1	1	0.000198796444398	0.0502734523561	1	1	1	1	1	0.02015377602	1	1	1	1	1	1	0.0296597474048	1
Natural_killer_cell_mediated_cytotoxicity	1	1	1	1	1	1	1	1	1	1	1	1	1	1	1	1	1	1	1	1	1	1	1	1	1	1	1	1	1	1	1	1	1	1	1	1	1	1	1	1	1	0.0646564526151	1	1	1	1	0.0882711068785	0.0800643489969	1	1	1	1	1	1	1	1	1	1	1	1	1	1	1	1	1	1	1	1	0.0289843304618	1	1	0.0316512820269	1	1	1	1	1	0.0390933531762	1	0.0410450848956	1	0.0377800073698	0.0722609551627	1	1	1	1	1	0.0915840633512	1	0.0461093988763	1	1	0.0251536992976	1	1	1	1	1	1	1	1	1	1	0.0882711068785	1	1	1	1	1	1	0.0708687018196	1	1	1	1	1	0.04667654517	1	1	1	1	1
Neuroactive_ligand-receptor_interaction	1	1	1	1	1	1	1	1	1	1	1	1	1	1	1	1	1	1	1	1	1	1	1	1	1	1	1	1	1	1	1	1	1	1	1	1	1	1	1	1	1	1	1	1	1	1	1	1	1	1	1	1	1	1	1	1	1	1	1	1	1	1	1	1	1	1	1	1	1	1	0.0804183381468	1	1	1	1	1	1	1	1	1	1	1	1	1	1	1	1	1	1	1	1	1	1	1	1	1	1	1	1	1	1	1	1	1	1	1	1	1	1	1	1	1	1	1	1	1	1	1	1	1	1	1	1
Neurotrophin_signaling_pathway	1	1	1	1	1	1	1	1	1	1	1	1	1	1	1	1	1	1	1	1	0.0615156195205	1	1	1	1	1	1	1	1	1	1	1	1	1	1	1	1	1	1	1	1	1	1	1	1	1	1	1	0.0420109624016	1	1	1	1	0.0846590416076	1	1	1	1	1	1	1	1	1	1	1	1	1	1	1	1	1	1	1	1	1	1	1	1	1	1	1	1	1	1	1	1	1	1	1	1	1	1	1	1	1	1	1	1	1	1	1	1	1	1	1	1	1	1	1	1	1	1	1	1	1	1	1	1	1	1	1	1	1
Nicotinate_and_nicotinamide_metabolism	1	1	1	1	1	1	1	1	1	1	1	1	1	1	1	1	1	1	1	1	1	1	1	1	0.0864647813134	1	1	1	1	1	1	1	1	1	1	1	1	1	1	1	1	0.0929212481477	1	1	1	1	1	0.0645153325259	1	1	1	1	1	1	1	1	0.0264929315995	1	1	0.0581652278036	1	1	1	1	1	1	1	1	1	1	1	1	0.0397144808994	0.0565904191053	1	1	1	1	0.00522033834362	0.0103685394814	1	1	1	1	1	1	1	1	0.0497338084166	0.0185176275575	0.0207876586867	0.0257729238125	1	0.00321967194753	1	1	0.0692052158305	1	1	1	1	1	1	1	1	1	1	1	1	1	1	0.0128925156593	1	1	1	1	1	1	1	1	1	1	1
Nitrogen_metabolism	1	1	1	1	1	1	1	1	1	1	1	1	1	1	1	1	1	1	1	1	1	1	1	1	0.0747781182023	1	1	1	1	0.0185613132884	1	1	1	1	1	1	1	1	1	1	1	1	1	1	1	1	1	1	1	1	1	1	1	1	1	1	1	1	1	1	1	1	1	1	1	1	1	1	1	1	1	1	1	1	0.0703430258583	1	1	1	1	1	1	1	1	1	1	1	1	1	1	1	1	1	1	0.0309639537075	1	1	1	1	1	1	1	1	1	1	1	1	1	1	1	1	1	1	1	1	1	1	1	1	1	1	1	1	1
Notch_signaling_pathway	1	1	1	1	1	1	1	1	1	1	1	1	1	1	1	1	1	1	1	1	1	1	1	1	1	1	1	1	1	1	1	1	1	1	1	1	1	1	1	1	1	1	1	1	1	1	1	1	1	1	1	1	1	1	1	1	1	1	1	1	1	1	1	1	1	1	1	1	1	1	1	1	1	1	1	1	1	1	1	1	1	1	1	1	1	1	1	1	1	1	1	1	0.0828386858839	1	1	1	1	1	1	1	1	1	1	1	1	1	1	1	1	1	1	1	1	1	1	1	1	1	1	1	1	1	1
Nucleotide_excision_repair	1	1	1	1	1	1	1	1	1	1	1	1	1	1	1	1	1	1	1	1	1	1	1	1	1	1	1	1	1	1	1	1	1	1	1	1	1	1	1	0.0991304114913	1	1	1	1	1	1	1	1	1	1	1	1	1	1	1	1	1	1	1	1	1	1	1	1	1	1	1	1	1	1	1	1	1	1	0.0567353647261	1	1	1	1	1	1	1	1	1	1	1	1	1	1	1	1	1	1	1	1	1	1	1	1	1	1	1	1	1	1	1	1	1	1	1	1	1	1	1	1	1	1	1	1	1	1	1	1
Oocyte_meiosis	1	1	1	1	0.0989111661522	1	1	1	1	1	1	1	1	1	1	1	1	1	1	1	1	1	1	1	1	1	1	1	1	1	1	1	1	1	1	1	1	1	1	1	1	1	1	1	1	1	1	1	0.00461629426195	1	1	1	1	1	1	1	1	1	1	1	1	1	1	1	1	1	1	0.0814061650228	1	1	1	1	1	1	1	1	1	1	1	1	1	1	1	1	1	1	1	1	1	1	1	1	1	1	1	1	1	1	1	1	1	1	1	1	1	1	1	1	1	1	1	1	1	1	1	1	1	1	1	1	1	1	1
Osteoclast_differentiation	1	1	1	1	1	1	0.0689342479912	0.0526163004696	1	0.000193247054253	1	0.000336910599877	1	0.0578496713796	1	1	1	1	1	1	0.00401687720883	1	1	0.0712900263443	0.0430917227719	1	5.85469718278e-05	0.0526163004696	1	0.000165162412174	1	1	1	1	1	0.0315856214275	1	1	1	0.00404204140844	1	6.60803721659e-05	1	0.00310990733036	0.012926300002	0.00124343485539	1	0.00137672626643	0.00780778833767	0.00462981413889	1	1	1	0.000600300576694	0.000183248041995	0.0423074605456	0.0431612818411	1	1	0.00223895158055	0.0113194577952	1	1	0.0614431150187	1	1	0.013584815604	1	1.31623577293e-06	1	1	0.00753799338717	0.00201684227733	2.80790732395e-05	1	1	1	7.40774110708e-06	0.00121324741713	0.0320025824804	0.00217122090545	0.000712175694564	0.0650786584391	1	1	1	1	0.0477580017759	1.25468127099e-06	3.53250224852e-05	0.00100155012915	0.00630564974692	0.0431612818411	0.000908087853277	1	1	0.0250428882587	1	1	1	0.0145293651408	1	1	1	1	1	1	0.0277639434513	1	1	1	0.0614431150187	1	1	0.0842534298471	1	0.0273430630684	0.000260548325397	1	1	1	1	1
Oxidative_phosphorylation	1	1	1	0.0122556253802	1	1	0.000340279398922	0.000505102615521	1	1	1	1	1	1	1	1	1	1	1	1	1	1	1	0.00937106106934	1	1	1	1	1	1	1	1	1	1	1	1	1	1	1	1	1	1	1	1	0.046083534573	0.0147528757493	1	0.00601695746526	1	1	1	1	1	1	1	1	1	1	1	1	1	1	1	1	1	1.16332513334e-06	1	1	1	1	1	1	1	1	0.0384863103879	1	1	1	1	1	1	1	1	1	1	1	1	1	1	0.0782563087728	1	1	1	1	1	1	1	1	1	1	1	1	1	0.000106879236434	1	1	1	1	1	1	1	1	1	1	1	1	1	1	1	1	1	1	1
PPAR_signaling_pathway	0.0113404499578	0.0309639537074	1	1	0.0445135622882	1	0.0948319731701	1	1	0.00240864904039	0.0136729482309	0.000621610919074	1	1	1	1	1	1	1	1	0.0503629179663	1	1	1	1	0.00879768615105	0.0272899577038	1	1	0.000447560208789	1	0.00291087431272	0.0468324637984	1	1	0.000374608248775	1	1	0.0504449290118	4.56711192087e-05	1	1	1	1	0.0213669995063	0.00165184132719	1	0.000161548121918	1	1	1	0.0598380339689	0.00738885499515	1	1	1	1	1	1	0.000188985187396	0.0838013370782	1	1	0.0874320263293	1	1	0.0309639537074	1	1	1	1	0.000867449069983	1	1	0.000369965044461	1	1	3.05730634337e-05	0.052859733348	0.00182923206693	1	0.0224781634464	1	1	1	1	0.00402446791212	1	0.00930159645856	0.00536619930394	0.0885537232944	0.00225200132295	1	1	1	1	0.00753770736478	1	1	1	0.0147976323863	1	1	0.00848214498185	1	0.00491253684531	1	1	1	1	1	1	1	1	0.0284907735515	1	3.43407721561e-05	1	1	0.0309639537074	0.0103164961672	0.0416532131093	1
Pancreatic_cancer	1	1	1	1	1	0.0452120277937	1	1	1	1	1	1	1	1	1	1	1	1	1	1	1	1	1	1	1	1	1	1	1	1	1	1	1	1	1	1	1	1	1	1	1	1	1	1	1	1	1	1	1	1	1	1	1	1	1	1	1	1	1	1	1	1	1	1	1	1	1	1	1	1	1	1	1	1	1	1	1	1	1	1	1	1	1	1	1	1	1	1	1	1	1	1	1	1	1	1	1	1	1	1	1	1	1	1	1	1	1	1	1	1	1	1	1	1	1	1	1	1	1	1	1	1	1
Parkinson's_disease	0.0543599053678	1	1	0.0120039727902	1	0.0159013721566	0.000326464600667	9.5242837177e-06	1	1	1	0.0528239824453	1	1	1	0.0068826123652	1	1	1	1	1	1	1	0.00917634733103	1	0.0277639434513	1	1	1	1	1	1	0.060390790809	1	1	1	0.0234724921216	1	1	0.0374763426666	1	1	1	1	0.012926300002	0.0141367338547	1	0.00137672626643	1	1	1	0.00570759694112	1	1	1	1	1	1	1	0.0931982672914	1	1	1	0.0614431150187	1	1.12796382978e-06	1	1	1	1	1	1	0.0455646560764	1	0.00321374918204	1	1	1	0.0802425811316	1	1	1	1	1	1	1	1	1	1	0.0285677435978	1	1	1	1	1	1	1	1	1	0.0234724921216	1	1	1	1.69958234286e-06	1	1	1	1	0.0445281720495	1	1	1	1	1	1	1	1	1	1	1	1	1	1
Pathogenic_Escherichia_coli_infection	1	1	1	1	1	1	1	1	1	1	0.00836548464777	0.0267980094727	1	1	1	1	1	0.0190857122372	1	1	1	1	9.2874596902e-10	1	9.07200684721e-05	1	1	2.52299149194e-05	1	0.00153976259991	1	1	1	1	1	1	1	1	7.35891914072e-09	4.47413193658e-05	1	1	1	1	1	1	1	1	0.000324905560889	1	1	1	1	1	1	1	1	0.00835740925824	1	0.045680982037	1	1	0.0242480336462	1	1	1	1	0.00154573090607	1	1	1	1	0.0258558876583	0.0530100399896	0.0868844048295	1	1	1	0.000914606840093	1	1	0.00801038828393	1	0.000399496435901	1	1	1	1	0.0362236282196	1	1	1	1	1	1	1	1	1	1	1	0.0609307948683	3.39272125227e-06	1	1	0.00835740925824	1	1	1	0.000324905560889	1	2.6516759899e-08	1	1	1	1	1	1	1	1	1	1	1	0.00297331797922
Pathways_in_cancer	0.0626186583561	1	1	1	1	0.000264182034859	1	1	1	1	1	0.0751731983465	1	1	1	0.000128021299533	1	1	1	1	1	1	1	1	0.0562514319258	1	1	0.0628225347023	1	1	1	1	1	1	1	1	1	1	0.0819628018311	1	1	1	1	1	1	1	1	1	1	1	1	1	1	1	1	1	1	1	1	1	1	1	1	1	1	1	1	0.00201406285395	1	1	1	1	1	1	1	1	0.0397219170825	1	1	1	0.0810285452532	1	1	1	1	1	1	1	1	1	1	1	1	1	1	0.00996976221361	1	1	1	1	1	0.0530466646059	1	1	1	1	1	1	0.0132508676626	1	1	1	1	1	1	1	1	1	1	1	1	0.0150308931084	1
Pentose_and_glucuronate_interconversions	1	1	1	1	1	1	1	1	1	1	1	1	1	1	1	1	1	1	1	1	1	1	1	1	1	1	1	1	1	1	1	1	1	1	1	1	1	1	1	1	1	1	1	1	1	1	1	1	1	1	1	1	1	1	1	1	1	1	1	1	1	1	1	1	1	1	1	1	1	1	1	1	0.0734199363598	1	1	1	1	1	1	1	1	1	1	1	1	1	1	1	1	1	1	1	1	1	1	1	1	1	1	1	1	1	1	1	1	1	1	1	1	1	1	1	1	1	1	1	1	1	1	1	1	1	1
Peroxisome	1	1	0.056139007979	1	1	1	1	1	1	1	1	1	1	1	1	1	1	1	1	1	1	1	1	1	1	0.0105474417228	1	1	1	1	1	1	1	1	1	1	1	1	1	1	1	1	1	1	1	1	1	1	1	1	1	1	1	1	1	1	1	1	1	1	1	1	1	1	1	1	1	1	1	1	1	1	1	1	1	1	1	0.0330589881608	1	1	1	1	1	1	1	1	1	1	1	1	1	1	1	1	1	1	1	1	1	1	1	1	1	1	1	1	1	1	1	1	1	1	1	1	1	1	1	1	1	1	1	1	1
Phagosome	1	1	1	1	1	1	0.0991549701344	1	1	1	0.00615538304459	0.000288644705529	1	6.1698469263e-05	0.060901422178	1	1	0.00468089939199	1	1	1	4.53791482724e-07	5.91656182936e-08	0.0933587896959	0.000780226454376	1	9.68339087803e-08	5.55916523814e-07	1	5.05484543112e-13	0.00882878159768	1	0.0946939188048	1	1	0.0555593528961	1	1	9.67754376499e-05	1.07583416509e-07	0.00615538304459	1	1	6.40877946733e-05	0.00186780972717	0.0326406399985	0.000963948340259	1	0.00214559718286	1	1	1	1	0.0348001694813	0.000380259860887	0.00615538304459	0.000136981295002	0.000963948340259	0.0560683301228	1.51496607481e-08	0.0838573608222	1	0.0285948264283	0.0207929294112	1	1	0.00260329554182	1	9.42827962469e-06	1	1	0.0017653898376	1.28456911774e-10	7.92710908026e-09	0.000591332616712	1	1	0.0233044925102	2.70172511363e-07	1.57293111869e-09	0.0939364770395	7.82130340515e-06	1	3.77476967636e-05	1.18456526594e-05	1	1	1	0.000156773802514	0.0582262697536	0.0282209777223	0.0166334918726	0.0689834271869	1	0.000257196788552	1	1	1	1	1	1	0.00413833709535	1	0.0290484578096	0.00577081300203	1	0.048786228535	1	0.0133550951637	1	4.43500599845e-06	1	1	0.00932517273506	0.000200679971869	1	0.0485144376807	1	1	1	0.0040188084317	1	0.0212673575099
Phosphatidylinositol_signaling_system	1	1	1	1	0.05271058748	1	1	1	1	1	1	1	1	1	1	1	1	1	1	1	1	1	1	1	1	1	1	1	1	1	1	1	1	1	1	1	1	1	1	1	1	1	1	1	1	1	1	1	1	1	1	1	1	1	1	1	1	1	1	1	1	1	1	1	1	1	1	1	1	1	1	1	1	1	1	1	1	1	1	1	1	1	1	1	1	1	1	1	1	1	1	1	1	1	1	1	1	1	1	1	1	1	1	1	1	1	1	1	1	1	1	1	1	1	1	1	1	1	1	1	1	1	1
Phototransduction	1	1	1	1	0.00822213056495	1	1	1	1	1	1	1	1	1	1	1	1	1	1	1	0.0450618590805	1	1	1	1	1	1	1	1	1	1	1	1	1	1	1	1	1	1	1	1	1	1	1	1	1	1	1	1	1	1	1	1	1	1	1	1	1	1	1	1	1	1	1	1	1	1	1	1	1	1	1	1	1	1	1	1	1	1	1	1	1	1	1	1	1	1	1	1	1	1	1	1	1	1	1	1	1	1	1	1	1	1	0.0427257786075	1	1	1	1	1	1	1	1	1	1	1	1	1	0.032823396727	1	1	1	1	1
Porphyrin_and_chlorophyll_metabolism	1	1	1	1	1	1	1	1	1	1	1	0.0625989376854	1	1	1	1	1	0.0760497977538	1	1	1	1	1	1	1	1	1	1	1	1	1	1	1	1	1	1	1	1	1	1	1	1	1	1	1	1	1	1	1	1	1	1	1	1	1	1	1	1	1	1	1	1	1	1	1	1	1	1	1	1	1	1	1	1	1	1	1	1	1	1	1	0.0782100511941	1	1	1	1	1	1	1	1	1	1	1	1	1	0.00616059399924	1	0.0208999921803	1	1	1	1	1	1	0.0443277988531	1	1	1	1	1	1	1	1	1	1	1	1	1	1	1	1	1	1
Primary_bile_acid_biosynthesis	1	1	1	1	1	1	1	1	1	1	1	1	1	1	1	1	1	1	1	1	1	1	1	1	1	1	1	1	1	1	1	1	1	1	1	1	1	1	1	0.0558427910768	1	1	1	1	1	1	1	0.0284169461692	1	1	1	1	1	1	1	1	1	1	1	1	1	1	1	1	1	1	1	1	1	1	1	1	1	1	1	1	1	1	1	1	1	1	1	1	1	1	1	1	0.0987889329531	1	1	1	1	1	1	1	1	1	1	1	1	1	1	1	1	1	1	1	1	1	1	1	1	1	1	1	1	1	1	1	1	1	1
Primary_immunodeficiency	1	1	1	1	1	1	1	1	1	1	1	0.035338688619	1	1	1	1	1	1	1	1	1	1	1	1	1	1	1	1	1	1	1	1	0.0599580302698	1	1	1	1	1	1	1	1	0.0054834264727	1	1	0.015064532994	0.0534065078547	0.0291125408259	1	1	0.0664078743006	0.00950181427962	1	1	1	1	1	1	1	1	1	1	1	1	1	1	1	1	1	0.0638345774996	1	1	0.0406740859087	1	1	1	1	1	1	0.0783762967657	1	1	1	1	1	1	1	1	1	0.0285519208822	0.00784687924332	0.0498406285873	0.0609014221795	1	1	1	1	1	1	1	1	1	1	1	1	1	1	1	1	1	1	1	0.0244730361091	1	1	1	1	1	1	1	1	1	1	1
Prion_diseases	1	1	0.0133735224426	1	1	0.0630291892129	1	1	1	1	1	1	1	1	1	1	1	1	1	1	1	0.0133735224426	1	1	1	1	0.00153904917307	0.0581251936914	1	1	1	1	1	1	0.000361271321403	0.0125862939084	1	1	1	0.010593096854	1	1	1	0.000624103284562	1	1	0.0306769948797	1	1	1	1	1	1	1	1	1	0.0518104874579	1	1	0.000233342185106	1	1	1	1	1	1	0.00852776733352	1	0.00233774891304	1	1	1	0.000691120329134	0.0021764854165	0.0305628596976	1	1	1	0.0190373281969	0.000459134421084	1	1	1	1	0.00273223160614	1	1	1	1	1	1	0.000279252220686	0.000454524786311	0.0697794483254	1	1	0.0240001818584	1	1	1	1	1	1	0.00774832804746	1	1	1	1	1	1	1	1	1	1	1	1	1	1	1	1	1	1	1
Progesterone-mediated_oocyte_maturation	1	1	1	1	1	1	1	1	1	1	1	1	1	1	1	1	1	1	1	1	1	1	1	1	1	1	1	1	1	1	1	1	1	1	1	1	1	1	0.0708085033914	1	1	1	1	1	1	1	1	1	1	1	1	1	1	1	1	1	1	1	1	1	1	1	1	1	1	1	1	0.0511624442084	1	1	1	1	1	1	1	1	1	1	1	1	1	1	1	0.0222705981519	1	1	1	1	1	1	1	1	1	1	1	1	1	1	1	1	1	0.0549107056857	1	1	1	1	1	1	0.0970097959502	1	1	1	1	1	0.0405172247183	1	1	1	1	1	1	0.0587528852762	1
Propanoate_metabolism	1	1	1	1	1	1	1	1	1	1	1	1	1	1	1	1	1	1	1	1	0.053833516913	1	1	1	1	1	1	1	1	1	1	1	1	1	1	1	1	1	1	1	1	1	1	1	1	1	1	1	1	1	1	1	1	1	1	1	1	1	1	1	1	1	1	1	1	1	1	1	1	1	1	1	1	1	1	1	1	1	1	1	1	1	1	1	1	1	1	1	1	1	1	1	1	1	1	1	1	1	1	1	1	1	1	0.0510759441226	1	1	1	1	1	1	1	1	1	1	1	1	1	1	1	1	1	1	1
Prostate_cancer	1	0.0458268762219	1	1	1	0.0176295992758	1	1	1	0.0276380446003	1	1	1	1	1	0.00320311698861	1	1	1	1	1	1	1	1	0.0295078715033	1	1	0.0151154695295	1	1	1	1	1	1	1	1	1	1	0.00985947411714	1	1	1	1	1	1	1	1	1	1	0.0899293566478	0.0533095592686	1	1	0.0346604833422	1	1	1	1	1	1	1	1	1	1	1	1	1	0.000468417966327	1	1	1	1	1	1	1	1	1	1	1	1	1	1	1	0.0232510921502	1	1	1	1	1	1	1	1	1	1	1	0.0232510921502	1	1	1	1	1	0.00659147671822	1	1	0.0293565352904	0.00746564710918	1	1	1	1	1	1	1	1	0.0422451798617	1	1	1	1	1	1	0.00733601451397	1
Proteasome	1	1	1	1	1	1	0.0425162347367	1	1	1	1	1	1	1	0.0291125408249	1	1	0.079070467842	1	1	1	1	1	1	1	1	1	1	1	1	1	1	1	1	1	1	1	1	1	1	1	0.0133306268056	1	1	0.00439328589132	0.0237430063733	0.0461678154959	0.0386039066196	1	0.0167259574456	1	1	1	1	1	1	1	1	1	1	1	1	1	1	1	1	1	1	1	1	1	0.0165284838431	1	1	1	1	1	1	1	1	1	0.00337236010868	1	1	1	1	1	1	1	0.0187531846017	1	1	1	0.0167259574456	1	1	1	1	1	1	1	1	1	1	0.0461678154959	1	1	1	1	1	1	1	1	1	1	1	1	0.00967404706143	1	1	1	1	1
Protein_digestion_and_absorption	1	1	1	1	1	1	1	1	1	1	1	1	1	1	1	1	1	1	1	1	1	1	1	1	1	1	1	1	1	1	1	1	1	1	1	1	1	1	1	1	1	1	1	1	1	1	1	1	0.0876221322126	1	1	1	1	1	1	1	1	1	1	1	1	1	1	1	1	1	1	1	1	1	1	1	1	1	1	1	1	1	1	1	1	1	1	1	1	1	1	1	1	1	1	1	1	1	1	1	1	1	1	1	1	1	1	1	1	1	1	1	1	1	1	1	1	1	1	1	1	1	1	1	1	1	1
Protein_processing_in_endoplasmic_reticulum	1	1	1	1	1	0.000565255205125	1	1	1	1	1	1	1	1	1	1	1	1	1	1	1	0.0480692881135	1	1	1	1	1	0.00041237082694	1	1	1	1	1	1	1	1	1	1	0.0523313615909	0.0193884344026	1	1	1	1	1	1	1	1	1	1	1	0.0661613505349	1	1	1	0.0662519974932	1	1	1	1	1	1	1	1	1	1	1	0.032841027825	1	1	1	1	1	1	1	1	1	1	1	1	1	1	1	0.0743405038338	1	1	1	1	1	1	0.0454184255538	0.0286599568325	1	1	1	1	1	1	1	1	1	0.000709771665757	1	1	0.00157006514109	1	1	1	0.00323411346463	1	1	1	1	1	1	1	1	1	1	1	1	1	1
Proximal_tubule_bicarbonate_reclamation	1	1	1	1	1	1	1	1	1	1	1	1	1	1	1	1	1	1	1	1	1	1	1	1	0.0691429315414	1	1	1	1	0.0170466959784	1	1	1	1	1	1	1	1	1	0.0152268690186	1	1	1	1	1	1	1	1	1	1	1	1	1	1	1	1	1	1	1	0.00700410029172	1	1	1	1	1	1	1	1	1	1	1	1	1	1	0.0650140939754	1	1	0.0898808678082	1	1	1	0.0887462306624	1	1	1	1	1	0.0221239917942	1	1	1	0.018255215197	1	1	1	1	0.00616519775901	1	1	1	1	1	1	1	1	1	1	1	0.00781618495436	1	1	1	1	1	1	1	1	1	1	1	1	1	1
Pyrimidine_metabolism	1	1	1	1	1	1	1	1	1	1	1	1	1	1	1	1	1	1	1	1	1	1	1	1	1	1	1	1	1	1	1	1	1	1	1	1	1	1	1	1	1	1	1	1	1	1	1	1	1	1	1	1	1	1	1	1	1	0.0396017755497	1	1	1	1	1	1	1	1	1	1	1	1	1	1	1	1	1	0.0851522249903	1	1	0.0650001890217	1	1	1	1	1	1	1	1	1	1	1	1	0.042638956322	1	0.0312624584381	1	1	1	0.0902651159096	1	1	1	1	1	1	1	1	1	1	1	1	1	1	0.0479997745788	1	1	1	1	1	1	1	1	0.0752099650902	1
Pyruvate_metabolism	1	1	1	1	0.01529460504	1	1	1	1	1	1	1	1	1	1	1	1	1	1	1	0.0797806530049	1	1	1	1	1	1	1	1	1	1	1	1	1	1	0.016753706453	1	1	1	1	1	1	1	1	1	1	1	1	1	1	1	1	1	1	1	1	1	1	1	0.0132483324285	1	1	1	1	1	1	1	1	1	1	1	0.0567758972274	1	1	0.0400514502551	1	1	0.0128699452703	1	1	1	1	1	1	1	1	1	1	1	1	0.0691163473504	0.0838573608238	1	1	1	1	1	1	1	1	1	1	1	0.0103804551977	1	1	1	1	1	1	1	1	1	1	1	1	0.0962243258363	1	1	1	1	1	1
RIG-I-like_receptor_signaling_pathway	1	1	1	1	1	1	1	1	1	1	1	1	1	1	1	1	1	1	1	1	1	1	1	1	1	1	0.0903424463755	1	1	1	1	1	1	1	1	1	1	1	1	1	1	0.00324873001824	1	1	0.00403752494541	0.00758064263224	0.00201201703104	0.00637811958789	1	1	1	1	1	1	1	1	1	1	1	1	1	1	1	1	1	1	1	1	0.0387790538549	1	1	1	1	0.0970975061704	1	1	1	1	0.0159039911344	1	1	0.0781951902059	1	1	1	1	1	1	0.00930159645856	0.00536619930394	0.0885537232944	0.00977895452978	1	0.0540200610854	1	1	1	1	1	1	1	1	1	1	1	1	1	1	1	1	1	1	1	1	0.0284907735515	1	1	0.00509267247702	1	1	1	1	1
RNA_degradation	1	1	1	1	1	1	1	1	1	1	1	1	1	1	1	1	1	1	1	1	1	1	1	1	1	1	1	1	1	1	1	1	0.0452120277937	1	1	1	1	1	1	1	1	1	1	1	1	1	1	1	1	1	1	1	1	1	1	1	1	1	1	1	1	1	1	1	1	1	1	1	1	1	1	1	1	0.094002145179	1	1	1	1	1	1	1	1	1	1	1	1	1	1	1	1	1	1	1	1	1	1	1	1	1	1	0.0925774847005	1	1	1	0.0999924980824	1	1	1	1	1	1	1	1	1	1	1	1	1	1	1	1	1	1
Regulation_of_actin_cytoskeleton	1	1	1	1	1	1	1	1	1	1	1	1	1	1	1	1	1	1	1	1	1	0.0843237494991	0.0477191509419	1	1	1	1	1	1	1	1	1	1	0.000438313424243	1	1	1	1	1	1	1	1	1	1	1	1	1	1	1	1	1	1	1	1	1	1	1	1	1	1	1	1	1	1	1	1	1	1	1	1	1	1	1	1	1	1	1	1	1	1	1	1	1	1	1	1	1	1	1	1	1	1	1	1	1	1	1	1	1	1	1	1	1	1	1	1	1	1	1	1	0.0570940673177	1	1	1	1	1	1	1	1	1	1	1	1
Renal_cell_carcinoma	1	1	1	1	1	1	1	1	1	1	1	1	1	1	1	1	1	1	1	1	1	1	1	1	1	1	1	1	1	1	1	1	1	1	1	1	1	1	1	1	1	1	1	1	1	1	1	1	1	1	1	1	1	1	1	1	1	1	1	1	1	1	1	1	1	1	1	1	1	1	1	1	1	1	1	1	1	1	1	1	1	1	1	1	1	1	1	1	1	1	1	1	1	1	1	1	1	1	1	1	1	1	1	1	1	1	1	1	0.0680699178331	1	1	1	1	1	1	1	1	1	1	1	1	1	1
Renin-angiotensin_system	1	1	1	1	1	1	1	1	1	1	1	1	1	1	1	1	1	1	1	1	1	1	1	1	1	1	1	1	1	1	1	1	1	1	1	1	1	1	1	1	1	1	1	1	1	1	1	1	1	1	1	1	1	1	1	1	1	1	1	1	1	1	1	1	1	1	1	1	1	1	1	1	1	1	1	1	1	1	1	0.0380832903604	1	1	1	1	1	1	1	1	1	1	1	1	1	1	1	1	1	1	1	1	1	1	1	1	1	1	1	1	1	1	1	1	1	1	1	1	1	1	1	1	1	1	1
Rheumatoid_arthritis	1	1	0.0736232846262	1	0.0692238767111	1	1	0.0763395252714	0.0342356471783	5.90403248137e-05	1	1	1	1	1	1	1	1	1	1	0.0217101113017	0.00983187000486	1	1	1	1	5.82678350014e-12	1	1	0.0001666793373	0.0873330824057	1	1	1	1	1	1	1	1	1	0.00143158161272	0.0390634245925	1	5.93576667598e-05	0.000389803107681	0.000354023595507	0.00495213429943	0.003941248076	1.57239702763e-05	1	1	1	1	0.00624354001825	1	1	0.0654809374184	0.0319903302699	0.0218785717709	2.09202377643e-09	0.00322139275934	1	0.0607035014048	0.0251141062015	1	1	0.0486789209023	1	3.8979305661e-06	1	1	3.99047424726e-06	1.09210298582e-08	1.06435591452e-08	1	0.0736232846262	1	1.16631908131e-07	0.00113211593661	7.13375358785e-10	0.00385367610088	0.0172749950512	1	0.0247551843467	1.84595851938e-08	1	1	0.070815067266	0.0109292940487	0.00453447035756	0.0057574524098	0.00052757492801	0.0022337919769	0.00466102001487	0.0165817196333	1	0.020533043223	0.0781104096256	0.0649159843571	1	0.0284407926701	1	1	0.0849717064888	1	1	1	0.000715926082438	1	0.00985926862393	1	0.00352790247268	1	1	1	1	0.00657856731256	1	1	0.0486789209023	1	1	1
Riboflavin_metabolism	1	1	1	1	0.0014052014771	1	1	1	1	1	1	1	1	1	1	1	1	0.006552740445	1	1	1	1	1	1	1	1	1	1	1	1	1	1	1	1	1	1	1	1	1	1	1	1	1	1	1	0.033554918971	1	1	1	1	1	1	1	1	1	1	1	1	1	1	1	1	1	0.00300364201295	1	1	1	1	1	1	1	1	1	1	1	1	1	1	1	1	1	1	1	1	1	1	1	1	1	1	0.0318543636188	1	1	1	1	1	1	1	1	1	1	1	1	0.00786325968201	1	1	1	1	1	1	1	1	1	1	1	1	1	1	1	1	1	1	1
SNARE_interactions_in_vesicular_transport	1	1	1	1	1	1	1	1	1	1	1	1	1	1	1	1	1	1	1	1	1	1	1	1	1	1	1	1	1	1	1	1	1	1	1	1	1	1	1	1	1	1	1	1	1	1	1	1	1	1	1	1	1	1	1	1	1	1	1	1	1	1	1	1	1	1	1	1	1	1	1	1	1	1	1	1	1	1	1	1	1	1	1	1	1	1	1	1	1	1	1	1	1	0.0697794483254	1	1	1	1	1	1	1	1	1	1	1	1	1	1	1	1	1	0.0257995232786	1	1	1	1	1	1	1	1	1	1	1
Salivary_secretion	1	0.0467703236104	1	1	0.066581673052	1	1	1	1	1	1	0.0371056226276	1	1	1	1	1	1	1	1	0.0864086723542	1	1	1	1	1	1	1	1	1	1	1	1	1	1	1	1	1	1	0.0636184642562	1	1	1	0.066581673052	1	1	1	1	0.0167563452348	1	1	1	1	1	1	1	1	1	1	0.0981278214096	1	1	1	1	1	1	0.0467703236104	0.0543952360834	1	1	1	1	0.0547118567465	1	1	1	1	1	1	0.0234904303395	1	1	1	1	1	1	0.0624247892516	1	1	1	1	1	1	1	1	1	1	1	1	1	1	1	1	0.0183041203168	1	1	1	1	1	1	1	1	1	0.00327525422584	1	1	1	1	1	1	1	1	1
Shigellosis	1	1	1	1	1	1	1	1	1	0.0301316255927	1	1	1	1	1	1	1	1	1	1	1	1	0.0233470773063	1	1	1	1	1	1	1	1	1	1	1	1	1	1	1	1	1	1	1	1	1	1	1	1	1	1	1	1	1	1	0.0883524361458	1	1	1	1	1	1	1	1	1	1	1	1	1	1	1	1	1	1	1	1	1	1	1	1	0.097797339989	1	0.0701249486003	0.0498222648731	1	1	1	1	1	1	1	1	1	1	1	1	1	1	1	1	1	1	1	1	1	1	1	1	1	1	1	1	0.00549721295399	1	1	1	1	1	1	1	1	1	1	1	1
Small_cell_lung_cancer	1	1	1	1	1	0.0744581457546	1	1	1	1	1	1	1	1	1	1	1	1	1	1	1	1	1	1	1	1	1	1	1	1	1	1	1	1	1	1	1	1	1	1	1	1	1	1	1	1	1	1	1	0.0852812205456	1	1	1	1	1	1	1	1	1	1	1	1	1	1	1	1	1	0.005527702202	1	1	1	1	1	1	1	1	1	1	1	1	1	1	1	1	1	1	1	1	1	1	1	1	1	1	1	1	1	1	1	1	1	1	1	1	1	1	1	1	0.0970097959502	1	1	1	1	1	1	1	1	1	1	1	1	1	1
Staphylococcus_aureus_infection	1	1	0.0297563989894	1	1	0.0244281478733	1	0.0216657772687	1	1	1	0.000124809881502	1	6.27044794976e-08	1	1	1	1	1	1	1	0.00239155236739	1	1	0.0227593159675	1	0.0	0.00288687020799	1	1.07970499208e-09	0.00318260073397	1	1	1	0.000846052163376	1	1	1	1	0.000320646587118	0.00836548464777	1	1	9.06767994024e-11	0.00898008248074	0.045125189109	5.50481873607e-05	1	0.0442995079907	1	1	1	1	0.000987556278179	0.0225163247793	0.00836548464777	6.15280383309e-08	0.00835740925824	1	5.11046760465e-12	0.0535683659982	1	1	0.00644581938147	1	1	0.00120608445923	1	4.21918056048e-12	1	1	0.00120061955264	0.0	7.98387933543e-09	1	1	1	3.10709708504e-05	0.0727427533424	1.22766241617e-11	1	1	1	0.00950348296065	7.3805406231e-12	1	1	1	0.0022257621807	1	0.0413761986973	0.000485241537231	0.000221202485474	0.000487732999065	0.0062892955819	1	0.0148656377974	1	1	1	1	1	0.0053537325884	0.0034111490422	1	1	0.00318260073397	1	1	1	1	0.0559849068414	1	1	1	1	1	1	1	1	0.0062892955819	1	1
Steroid_biosynthesis	1	1	1	1	1	1	1	1	1	1	1	1	1	1	1	1	1	0.0162042678709	1	1	1	1	1	1	0.00577871300205	1	1	0.0177488045524	1	1	1	1	1	1	1	1	1	1	1	0.0759475260423	1	1	1	1	1	1	1	1	1	1	1	1	1	1	1	1	1	1	0.00101581296621	0.00403606514828	1	1	1	1	1	1	1	1	1	1	1	1	1	1	0.00523910292183	1	1	1	0.0161670297553	1	0.0079074265948	0.00861620099631	1	1	1	1	1	1	1	1	1	0.0854260855212	1	1	1	1	1	1	1	1	1	1	1	0.0193539019596	1	1	1	1	1	1	1	1	1	1	1	1	0.0251264899557	1	1	1	1	1	1
Steroid_hormone_biosynthesis	1	1	1	1	1	1	1	1	1	1	1	1	0.011972851236	1	1	1	1	1	1	1	1	1	1	1	1	1	1	1	1	1	1	1	1	1	1	1	1	1	1	1	1	1	1	1	1	1	1	1	1	1	1	1	1	1	1	1	1	1	1	1	0.0535683659982	1	1	1	1	1	1	1	1	1	1	1	1	1	1	1	1	1	1	1	0.0584393473238	1	1	1	1	1	1	1	1	1	1	1	1	1	1	1	1	1	1	1	1	1	1	1	1	1	1	1	1	1	1	1	1	1	1	1	1	1	1	1	1	1	1
Systemic_lupus_erythematosus	1	1	1	1	1	1	1	0.0602160441303	1	1	1	1	1	0.00212336145284	1	1	1	1	1	1	1	0.0286173169501	1	1	1	1	1.80844069719e-08	1	1	0.000218716720775	1	1	1	0.0255408683564	0.00508663313459	1	1	1	1	1	0.0459134204483	1	1	2.41603922702e-06	0.0158683114657	0.0181304874144	0.000535614768914	1	1	1	1	1	1	1	1	1	0.0495443464397	1	1	5.70868180905e-06	1	1	1	0.0684531777541	1	1	0.0982281617045	1	4.36841928186e-07	1	1	0.00979339409818	6.29307311699e-05	6.68327946263e-06	1	1	1	0.0924256055605	0.0417347714694	9.77549148851e-07	1	0.0353143356884	0.0704411400952	0.0516930880214	4.69669536596e-09	1	1	1	0.0385236639692	1	0.0431708429866	1	0.000424944600776	0.0237914799925	1	1	1	1	1	1	1	1	1	0.00433090311156	1	1	1	1	1	1	1	0.0143655054571	1	1	0.0910199873906	1	1	1	1	0.0982281617045	0.00293162271283	1	1
Terpenoid_backbone_biosynthesis	1	1	1	1	1	1	1	1	1	1	1	1	1	1	1	1	1	1	1	1	1	1	1	1	1	1	1	1	1	1	1	1	1	1	1	1	1	1	1	0.0496317110511	1	1	1	1	1	1	1	1	1	1	1	1	1	1	1	1	1	1	0.00062743899356	0.0985159896614	1	1	1	1	1	1	1	1	1	1	1	1	1	1	1	1	1	1	1	1	1	1	1	1	1	1	1	1	1	1	1	1	1	1	1	1	1	1	1	1	1	1	1	0.0122371625714	1	1	1	1	1	1	1	1	1	1	1	1	1	1	1	1	1	1	1
Thyroid_cancer	0.0155868800484	1	1	1	1	1	1	1	1	1	1	1	1	1	1	1	1	1	1	1	1	1	1	1	1	1	1	1	1	1	1	1	0.0427257786075	1	1	1	1	1	1	1	1	1	1	1	1	1	1	1	1	1	1	1	1	1	1	1	1	1	1	0.0833952363195	1	1	1	1	1	1	1	1	1	1	1	1	1	1	1	1	1	1	1	1	1	1	1	1	1	1	1	1	1	1	1	1	1	1	1	1	1	1	1	1	1	1	1	1	1	1	1	1	1	1	1	1	1	1	1	1	0.0548643388345	1	1	1	1	1	1
Tight_junction	1	1	1	0.0876161219096	1	1	1	1	1	1	1	1	1	1	1	1	1	1	1	1	1	1	0.0144441885054	1	1	1	1	0.0563460430991	1	1	1	1	0.0645990949268	0.0244974067572	1	1	1	1	1	1	1	1	1	1	1	1	1	1	1	1	1	1	1	1	1	1	1	1	1	1	1	1	1	1	1	1	1	1	1	1	1	1	1	1	1	1	1	1	1	1	1	1	1	0.0496633833693	1	1	1	1	1	1	1	1	1	1	1	1	1	1	1	1	1	1	1	1	1	1	1	1	1	1	0.0244974067572	1	1	1	1	1	1	1	1	1	1	1	1
Toll-like_receptor_signaling_pathway	0.0295980130466	1	1	1	1	1	1	1	1	0.000758477223637	1	0.060397765977	1	1	1	1	1	1	1	1	1	0.0896115802459	1	1	1	1	4.88015524502e-06	1	1	1	1	1	1	1	1	0.0497665745234	1	1	1	1	1	0.0586991097118	1	0.0121655441903	0.0661781938336	0.0386185606928	0.0426742166853	0.00687711054869	0.0240001818608	1	1	1	1	0.0501304347505	1	1	1	1	1	0.010367228414	1	1	0.00989972507177	1	1	1	1	1	0.000325257610284	1	1	0.00169635567777	0.0125933639766	3.20303595425e-06	1	1	1	0.0850057785999	0.07291343722	0.0108845508902	0.0358256900217	0.0285314092797	0.00402835392	1	0.0205737795466	1	1	1	0.0546333336578	0.00841687020701	0.0105866129649	0.0161087127817	0.00367310393864	1	1	1	1	1	1	1	0.0380401191803	1	1	1	1	1	1	1	1	1	1	1	1	1	0.00616519775939	1	0.0442695095103	1	1	1	1	1	1
Toxoplasmosis	1	1	1	1	1	1	1	1	1	0.0144283086527	1	0.0578152662168	1	0.0611293236555	0.00764473688974	1	1	1	1	1	1	0.00384986932032	1	1	1	1	7.32676753007e-05	1	1	0.00127627263492	1	1	1	1	1	1	1	1	1	1	0.0440961617172	1	1	0.000357308696614	0.00360942133434	1	0.0810307660748	0.0232254810207	1	0.0765319953743	1	1	1	1	1	1	1	1	1	0.00271293618351	0.0122342852729	1	1	1	0.0945848774682	1	0.0945848774682	1	8.99709682234e-06	1	1	0.00861033480099	0.00241839269255	0.0043515105811	1	1	1	1	0.03732294092	2.82636693806e-05	0.0687825879653	0.031820754193	0.0677414753272	0.0496633833693	6.15116199787e-06	1	1	1	1	0.0828211902982	1	1	0.0111475249172	1	1	1	0.0809177284519	1	1	1	1	1	1	1	1	1	1	1	1	1	1	0.0649034127345	1	1	0.0876161219096	1	1	1	1	1	1	1	1
Tryptophan_metabolism	1	1	1	1	1	1	1	0.0762335910194	1	1	1	1	0.00710712059796	1	1	1	1	1	1	1	0.0867748870338	1	1	1	1	1	1	1	1	1	0.00146114057	1	1	1	1	1	1	1	1	1	1	0.0104976063855	0.000735735661588	1	0.00341470222643	0.0188660299395	1	0.00502402462477	1	1	1	1	1	0.0457947246757	1	1	1	1	1	0.0617736075039	0.0328184409886	1	1	1	1	1	1	1	0.00464638438356	1	1	0.0639446460021	1	1	1	1	1	1	1	0.041368313258	1	1	1	1	1	1	1	1	0.0510056668384	0.014843193961	1	1	1	0.0911094457036	1	1	1	1	1	1	1	1	1	1	1	1	0.0216312726609	1	1	1	1	0.0343474318638	1	1	1	1	0.017252205789	1	1	1	1	1	1
Tuberculosis	1	1	0.0111374752591	0.0284217201238	0.052942018188	0.0537088824372	1	1	0.0191206973497	0.000682700210389	1	0.00403261314861	1	0.00705709351715	0.0907450841561	1	0.0118183708879	0.0104808236257	1	1	0.00112842084309	1.99494120523e-05	1	1	0.0254715950106	1	7.19290671469e-09	0.0131276495735	1	5.05799013784e-09	1	1	1	1	1	0.0353299752206	1	1	1	0.00402614024986	0.0755537976104	1	1	1.22714771122e-06	0.00529747471315	1	1	1	0.0968662273925	1	1	0.0790163532913	0.042851299536	0.0584280030921	8.31707756193e-05	0.00982067658891	0.00221572821956	0.0479706219667	1	1.36825942387e-06	0.000179152616166	0.000894242196596	1	0.0357955458669	1	1	3.66269046925e-06	0.0397144808968	4.23450474007e-06	1	1	0.0059860367924	7.19448500774e-10	7.92040413256e-08	0.0211206849018	1	1	0.00082284631021	0.000624974581923	2.11501106628e-08	0.0386492028857	0.00778463009778	1	0.0846588585654	1.09593068165e-06	0.00207628194598	1	1	0.0174036008678	1	0.064998968694	0.00230136802845	0.000436611812466	0.0657810665003	0.0064574667287	1	0.0363951031703	1	1	1	1	1	1	0.000927288887531	1	1	0.0157065779927	0.000348585475108	0.0968662273925	1	1	0.0357955458669	1	0.000529265658534	0.0284217201238	1	0.00892937245748	0.0316654501904	1	0.00478933906867	1	1	1
Type_I_diabetes_mellitus	1	1	1	1	1	1	1	0.0826217583685	1	0.0531089150498	1	1	1	1	1	1	1	1	1	1	1	0.0195989265774	1	1	0.0554104203686	1	4.03676703176e-09	1	1	4.50500430642e-05	0.0236071125321	1	1	1	1	1	1	1	1	1	0.00541619487627	1	1	0.00112847864426	0.000462142606525	0.022040598456	0.00447338832946	0.0364595213281	1	1	1	1	1	0.0498029773748	1	1	1	0.0443277988531	1	2.46172121576e-08	0.0357531808321	1	1	1	1	1	0.012564483987	1	1.58632861724e-06	1	1	0.000356078464275	5.73258622794e-07	0.000539548874675	1	1	1	0.00315255745473	0.00815482460436	4.28812041431e-09	1	0.0782100511941	1	0.00616059399924	2.30200956075e-08	1	1	1	0.0587857670473	1	0.00368805032657	0.0262685542063	0.000985605248281	1	1	1	1	1	1	1	1	1	1	0.0893633472659	0.00447338832946	1	1	0.00345339183722	1	1	1	1	1	1	1	1	0.0195363799352	1	1	0.012564483987	1	1	1
Ubiquitin_mediated_proteolysis	1	1	1	1	1	1	0.0766904555333	1	1	1	1	1	1	0.0644955432033	1	1	1	1	1	1	1	1	1	1	1	0.0301902991372	1	1	1	1	1	1	1	1	1	1	1	1	1	1	1	1	1	1	1	1	1	0.0762623084663	1	1	1	1	1	1	1	1	1	1	1	1	1	1	1	1	1	1	1	1	1	1	1	1	1	1	1	1	1	1	1	1	1	1	1	1	1	1	1	1	1	1	1	1	1	1	1	1	1	1	1	1	1	1	1	1	1	1	1	1	1	1	1	1	1	1	1	1	1	1	1	1	1	1	1
Valine,_leucine_and_isoleucine_degradation	1	1	1	1	1	1	1	1	1	1	1	1	1	1	1	1	1	1	1	1	0.0939468105214	1	1	1	1	1	1	1	1	1	1	1	1	1	1	1	1	1	1	1	1	1	1	1	1	1	1	1	1	1	1	1	1	1	1	1	1	1	1	1	1	1	1	1	1	1	1	1	1	1	1	0.0715103528436	1	1	1	1	1	1	1	1	1	1	1	1	1	1	1	1	1	1	1	1	1	1	1	1	1	1	1	1	1	1	1	1	1	1	1	1	1	1	1	1	1	1	1	1	1	1	1	1	1	1	1
Vascular_smooth_muscle_contraction	1	1	1	1	1	1	1	1	1	1	1	1	1	1	1	1	1	1	1	1	1	1	1	1	1	1	1	1	1	1	1	1	1	1	1	1	1	1	1	1	1	1	1	1	1	1	1	1	1	1	1	1	1	1	1	1	1	1	1	1	1	1	1	1	1	1	1	1	1	1	1	1	1	1	1	1	1	1	1	1	1	1	1	1	1	1	1	1	1	1	1	1	1	1	1	1	1	1	1	1	1	1	1	0.0100629746062	1	1	1	1	1	1	1	1	1	0.00551013628501	1	1	1	1	1	1	1	1	1
Vibrio_cholerae_infection	1	1	1	1	1	1	1	1	1	1	1	1	1	1	1	1	1	1	1	1	1	1	0.018561313289	1	1	1	1	0.0206414732487	1	1	1	1	1	1	1	1	1	1	1	0.0408226430681	1	1	1	1	1	1	1	1	1	1	1	1	1	1	1	1	1	1	1	1	1	1	1	1	1	1	1	1	1	1	1	1	1	1	1	1	1	1	0.0689288262924	1	1	1	1	1	1	1	1	1	1	1	1	1	1	1	1	1	1	1	1	1	1	1	1	1	1	1	1	1	1	1	0.00432951976333	1	1	1	1	1	1	1	1	1	1	1	1
Viral_myocarditis	1	1	1	1	1	0.0468324637984	1	1	1	0.011887894136	1	0.0155894957898	1	1	0.0664078743004	1	1	1	1	1	1	0.0474448274243	0.0309639537074	1	0.0127500560568	1	8.74743905088e-08	0.00722421934987	1	4.12227997463e-05	0.0566435163261	1	0.00848214498185	1	1	1	1	1	1	0.0280270920153	0.0136729482309	0.0150892957815	1	0.00446867380204	0.000626182419033	0.000310503864876	0.00201201703104	0.0302682312073	1	0.0540200610854	1	1	1	0.0198709638517	1	1	1	1	1	1.00346799303e-06	0.0121552317371	1	0.0388658986567	1	1	1	1	0.0361537775877	1.9879491554e-06	1	1	2.1236002264e-05	8.53893919273e-06	0.0238406293464	0.0110664491186	0.0049414830689	1	0.00113443263145	0.00407920238779	3.22935456154e-10	1	0.000189332158769	1	0.000847455635268	2.67595529957e-07	1	1	1	0.00241594078203	0.0781951902059	0.00662759726616	0.0361023437594	0.000730752422575	0.0540200610854	1	1	1	1	1	1	0.0948319731701	0.0388658986567	1	1	0.0167259574471	1	1	1	1	1	0.00738885499515	0.00141814392789	1	1	1	1	0.013686346714	1	1	1	1	1	1
Vitamin_B6_metabolism	1	1	1	1	1	1	1	1	1	1	1	1	1	1	1	1	1	1	1	1	1	1	1	1	1	1	1	1	1	1	1	1	1	1	1	1	1	1	1	1	1	1	1	1	1	1	1	1	1	1	1	1	1	1	1	1	1	1	1	1	1	1	1	1	1	1	1	1	1	1	1	1	1	1	1	1	1	1	1	1	1	1	1	1	1	1	1	1	0.0153663512773	1	1	1	1	1	1	1	1	1	1	1	1	0.000279747687443	1	1	1	1	1	1	1	1	1	1	1	1	1	1	1	1	1	1	1	1	1
Wnt_signaling_pathway	1	1	1	1	1	1	1	1	1	1	1	1	1	1	1	1	1	1	1	1	1	1	1	1	1	1	1	1	1	1	1	1	1	1	1	1	1	1	1	1	1	1	1	1	1	1	1	1	1	1	1	1	1	1	1	1	1	1	1	1	1	0.0547576950052	1	1	1	1	1	1	1	1	1	1	1	1	1	1	1	1	1	1	1	1	1	1	1	1	1	1	1	1	1	1	1	1	1	1	1	1	1	1	1	1	1	1	1	1	1	1	1	1	1	1	1	1	1	1	1	1	1	1	1	1	1
mTOR_signaling_pathway	1	1	1	1	1	1	1	1	1	1	1	1	1	1	1	1	1	1	1	1	1	1	1	1	1	1	1	1	1	1	1	1	1	1	1	1	1	1	1	1	1	1	1	1	1	1	1	1	1	1	1	1	1	0.0670143019776	1	1	1	1	1	1	1	1	1	1	1	1	1	1	1	1	1	1	1	1	1	1	1	1	1	1	1	1	1	1	1	1	1	1	1	1	1	1	1	1	1	1	1	1	1	1	1	1	1	1	1	1	1	1	1	1	1	1	1	1	1	1	1	1	1	1	1	1	1
p53_signaling_pathway	1	1	1	1	1	0.000110493082765	1	1	1	1	1	0.0131077860441	1	1	1	2.89840235351e-05	1	1	1	1	1	0.0438878897632	1	1	0.0021082350214	1	1	1	1	1	1	1	0.0420575375454	1	1	1	1	1	0.00482241832093	0.0237556451757	1	1	1	1	1	1	1	1	1	0.00129435051519	1	0.0554239419895	1	1	0.000173257121755	1	1	1	1	1	1	1	1	1	1	1	1	0.00284700114603	1	1	1	1	0.0173416729928	1	0.0401944747577	1	1	0.0195489965914	1	1	1	1	1	1	1	1	1	0.0345765370717	0.0770294772895	1	1	1	1	1	1	0.0142812505502	1	1	1	1	0.0131732073432	1	0.00809234946717	1	1	1	1	1	0.0646945552698	1	1	0.0811904524532	1	1	1	1	1	1	1	1	1	1	1
