	AHR	ARID3A	ARID5B	ARNT	ASCL2	ATF3	ATF4	ATF5	BATF	BATF3	BBX	BCL11A	BHLHE41	CEBPD	CEBPG	CEBPZ	CREB3	CREB3L2	CREM	CUX1	DBP	DDIT3	DNMT1	DNTTIP1	EGR2	EPAS1	ETS2	ETV5	ETV6	FOS	FOXO3	GTF2B	GTF3A	HBP1	HES6	HIF1A	HLX	HMG20A	HMG20B	HMGA1	HMGN3	IRF1	IRF2	IRF3	IRF5	IRF7	IRF8	IRF9	JUN	JUNB	JUND	KLF10	KLF3	KLF6	LCORL	LYL1	MAFB	MAFF	MECP2	MEF2A	MITF	MSANTD3	MSC	MTF1	MXD1	MXD4	NFAT5	NFE2L1	NFE2L2	NFIC	NFKB1	NFKB2	NR1H3	NR3C1	PKNOX1	PLSCR1	POGK	POU2F2	PPARG	RBPJ	REL	RELA	RELB	RREB1	RUNX1	SNAI3	SOX4	SP3	STAT1	STAT2	STAT3	STAT4	STAT5A	TCF4	TCF7L2	TFDP2	TFEB	TFEC	TGIF1	THAP1	TSC22D1	XBP1	XPA	YBX1	YY1	ZBTB43	ZEB2	ZHX1	ZNF143	ZNF22	ZNF267	ZNF274	ZNF281	ZNF32	ZNF322	ZNF37A	ZNF394	ZNF444	ZNF524	ZNF580	ZNF677	ZNF75A	ZNF780A
ABC_transporters	0	0	0	0	0	0	0	0	0	0	0	0	0	0	0	0	0	0	0	0	0	0	0	0	0	0	0	0	0	0	0	0	0	0	0	0	0	0	0	0	0	0	0	0	0	0	2	0	0	0	0	0	0	0	0	0	0	0	0	0	0	0	0	0	0	0	0	0	0	0	0	0	0	0	0	0	0	0	0	0	0	0	0	0	0	0	0	0	0	0	0	0	0	0	0	0	0	0	0	0	0	0	0	0	0	0	0	0	0	0	0	0	0	0	0	0	0	0	0	0	0	0	0
Adherens_junction	0	0	0	0	0	0	0	0	0	0	0	0	0	0	0	0	0	0	0	0	0	0	2	0	0	0	0	0	0	0	0	0	0	0	0	0	0	0	0	0	0	0	0	0	0	0	0	0	0	0	0	0	0	0	0	0	0	0	0	0	0	0	0	0	0	0	0	0	0	0	0	0	0	0	0	0	0	0	0	0	0	0	0	0	0	0	0	0	0	0	0	0	0	0	0	0	0	0	0	0	0	0	0	0	0	0	0	0	0	0	2	0	0	0	0	0	0	0	0	0	0	0	0
Adipocytokine_signaling_pathway	0	0	0	0	0	0	2	0	0	5	0	0	0	0	0	0	0	0	0	0	3	0	0	0	0	0	6	0	0	0	0	0	0	0	0	3	0	0	0	0	0	0	0	0	0	4	0	0	0	0	0	0	0	4	0	0	0	0	0	0	0	0	0	0	0	0	0	0	0	0	0	6	0	0	0	0	0	4	0	0	0	0	0	0	0	0	0	0	0	4	0	5	0	0	0	0	0	0	0	0	0	0	0	0	0	0	0	0	0	0	0	0	0	0	0	0	3	0	0	0	0	0	0
African_trypanosomiasis	0	0	2	0	0	0	0	0	0	3	0	0	0	0	0	0	0	0	0	0	3	0	0	0	0	0	3	0	0	0	0	0	0	0	0	0	0	0	0	0	0	0	0	0	0	0	0	0	0	0	0	0	0	2	0	0	0	0	0	0	0	0	0	0	0	0	0	0	0	0	0	0	0	0	0	0	0	4	0	0	0	0	0	0	0	0	0	0	0	0	0	4	0	2	0	0	0	0	2	0	0	0	0	0	0	0	0	2	0	0	0	0	0	0	0	0	0	0	0	0	0	0	0
Alanine,_aspartate_and_glutamate_metabolism	0	0	0	0	0	0	0	0	0	0	0	0	0	0	0	0	0	0	0	0	0	0	0	0	0	0	0	0	0	0	0	0	0	0	0	0	0	0	0	0	0	0	0	0	2	0	0	0	0	0	0	0	0	0	0	0	2	0	0	0	0	0	0	0	0	0	0	0	3	0	0	0	0	0	0	0	0	0	0	0	0	0	0	0	0	0	0	0	0	0	0	0	0	3	0	0	0	0	0	0	0	0	0	0	0	0	0	0	0	0	0	0	0	0	0	0	0	0	0	0	0	0	0
Aldosterone-regulated_sodium_reabsorption	0	0	0	0	0	0	0	0	0	0	0	0	0	0	0	0	0	0	0	0	0	0	0	0	0	0	0	0	0	0	0	0	0	0	0	0	0	0	0	0	0	0	0	0	0	0	0	0	0	0	0	0	0	0	0	0	0	0	0	0	0	0	0	0	0	0	0	0	0	0	0	0	0	0	0	0	0	0	0	0	2	0	0	0	0	0	0	0	0	0	0	0	0	0	0	0	0	0	0	0	0	0	0	0	0	0	0	0	0	0	0	0	0	0	0	0	0	0	0	0	0	0	0
Allograft_rejection	0	0	0	0	0	0	0	2	0	3	0	0	0	0	2	0	0	0	0	0	0	2	0	0	0	0	10	0	0	5	2	0	0	0	0	0	0	0	0	0	2	3	0	3	6	5	4	4	0	0	0	0	0	2	0	0	0	0	0	10	2	0	0	0	0	0	0	0	10	0	0	7	8	4	0	0	0	4	4	10	0	4	0	2	5	0	0	0	5	3	4	3	3	0	0	0	0	0	0	0	0	0	0	2	3	0	0	0	0	0	0	2	0	0	0	0	3	0	0	0	0	0	0
Alzheimer's_disease	0	0	0	0	3	6	0	5	0	0	0	0	0	0	0	2	0	0	0	0	6	0	0	0	0	0	0	0	0	0	0	0	0	0	0	0	0	0	0	8	0	0	0	0	0	0	0	0	0	0	0	3	0	0	0	0	0	0	0	0	0	0	0	0	0	0	3	0	0	0	0	0	0	0	9	0	0	9	0	0	0	0	0	0	0	2	0	0	0	0	0	0	0	0	0	0	0	0	0	0	0	0	0	7	0	0	0	0	3	0	0	0	0	0	0	0	0	5	0	0	0	0	0
Amino_sugar_and_nucleotide_sugar_metabolism	0	0	0	0	0	0	0	2	0	0	0	3	0	0	2	0	0	0	0	0	0	0	0	0	0	0	0	0	0	0	0	0	0	0	0	0	0	0	0	0	0	0	0	0	0	0	0	0	0	0	0	0	0	0	0	0	0	0	0	0	0	0	0	0	0	0	0	0	0	0	0	0	0	0	0	0	0	0	0	0	0	0	0	0	0	0	0	0	0	0	0	0	2	0	0	0	0	0	0	0	0	0	0	0	0	0	0	0	0	0	0	0	0	0	0	0	0	0	0	0	0	0	0
Amoebiasis	0	0	2	0	0	0	0	0	0	0	0	0	0	0	0	0	0	0	0	0	0	2	0	0	0	0	7	0	0	0	0	0	0	0	0	4	0	0	0	0	0	0	0	2	0	0	0	0	0	0	0	0	0	0	0	0	4	0	0	7	0	0	0	0	0	0	0	0	0	0	0	0	0	0	0	0	0	0	0	0	0	0	0	0	0	0	0	0	0	0	0	0	4	0	0	0	5	0	0	0	0	0	0	0	0	0	0	0	0	0	0	0	0	0	3	0	0	0	0	0	0	0	0
Amyotrophic_lateral_sclerosis_(ALS)	0	0	0	0	0	4	0	0	0	0	0	0	0	0	0	0	0	0	0	0	0	0	0	0	3	0	0	0	0	0	0	0	3	0	0	0	0	0	0	0	0	3	0	0	0	0	0	0	0	0	0	0	0	0	0	0	0	0	0	0	2	0	0	0	0	0	0	0	0	0	0	0	0	0	3	2	0	0	0	0	0	0	0	0	0	0	0	0	0	0	0	0	0	0	0	0	0	0	0	0	0	0	0	0	0	0	0	0	2	0	0	0	0	0	0	0	0	2	0	0	0	0	0
Antigen_processing_and_presentation	0	0	0	0	0	4	0	3	3	0	0	4	0	4	3	0	0	4	0	0	0	5	2	0	7	0	9	6	0	6	4	0	0	0	0	0	0	0	3	7	2	4	0	5	8	6	5	5	0	3	2	2	0	0	0	0	4	0	2	17	2	0	0	0	3	0	2	2	12	0	0	9	14	5	5	0	0	0	8	12	0	6	0	4	6	0	0	4	0	0	5	9	0	4	0	2	0	3	0	0	0	3	0	4	6	0	0	0	3	0	0	0	3	0	0	0	0	4	0	2	0	2	0
Apoptosis	0	0	0	0	0	3	0	0	0	4	0	0	0	0	0	0	0	0	0	0	4	0	0	2	0	0	0	0	0	0	0	0	0	0	0	0	0	0	0	0	0	0	0	0	0	0	0	4	0	3	0	0	0	0	0	0	0	0	0	0	0	0	0	0	0	0	0	2	6	0	0	0	0	0	0	2	0	5	0	4	0	0	0	0	0	0	0	0	0	5	0	0	0	3	0	0	0	0	0	0	0	0	0	0	0	0	0	0	0	0	0	0	0	0	2	0	0	0	0	0	0	0	0
Arachidonic_acid_metabolism	0	0	0	0	4	0	0	0	0	0	0	4	0	0	0	0	0	0	0	0	5	0	0	0	0	0	0	0	0	0	0	0	0	0	0	0	0	0	0	4	0	0	0	0	0	0	0	4	0	0	0	0	0	0	0	0	0	0	0	0	0	3	0	0	0	0	0	0	0	0	0	0	0	0	4	0	0	0	6	3	2	5	0	0	0	0	2	0	5	0	0	0	0	0	0	0	0	0	0	0	0	0	0	0	0	0	2	0	0	0	0	0	0	0	0	0	0	0	0	3	0	0	0
Arginine_and_proline_metabolism	0	0	0	0	0	0	0	0	0	0	0	0	0	2	0	0	0	0	0	0	0	2	0	0	0	0	4	0	0	0	2	0	0	0	0	0	0	0	0	0	0	0	0	2	0	0	0	0	0	0	0	0	0	2	0	0	0	0	0	0	0	0	0	0	0	0	0	0	4	0	0	0	5	0	0	0	0	0	0	0	0	0	0	0	0	0	0	0	0	0	0	0	0	0	0	0	0	0	0	0	0	0	0	0	0	0	2	0	0	0	0	0	0	0	0	0	0	0	0	0	0	0	0
Arrhythmogenic_right_ventricular_cardiomyopathy_(ARVC)	0	0	2	0	0	0	0	0	0	0	0	0	0	0	0	0	0	0	0	0	0	0	3	0	0	0	0	0	0	0	0	0	0	2	0	0	0	0	0	0	0	0	0	0	0	0	0	0	0	0	0	0	0	0	0	0	0	0	0	0	0	0	0	2	0	0	0	0	0	0	0	0	0	0	0	0	0	0	0	0	0	0	0	0	0	0	0	0	0	0	0	0	0	0	0	0	0	0	0	0	0	0	0	0	0	0	0	0	0	0	2	0	0	0	0	0	0	0	0	0	0	0	0
Asthma	0	0	0	0	0	0	0	0	0	0	0	0	0	0	2	0	0	0	0	0	0	2	0	0	0	0	7	0	0	5	0	0	0	0	0	0	0	0	0	0	2	0	0	3	5	0	3	2	0	0	0	0	0	0	0	0	0	0	0	7	2	0	0	0	0	0	0	0	6	0	0	4	6	3	0	0	0	0	0	8	0	0	0	2	5	0	0	0	0	0	0	0	2	0	0	0	0	0	0	0	0	0	0	2	0	0	0	0	0	0	0	2	0	0	0	0	0	0	0	0	0	0	0
Autoimmune_thyroid_disease	0	0	0	0	0	0	0	0	0	3	0	0	0	0	2	0	0	0	0	0	0	2	0	0	0	0	10	0	0	5	2	0	0	0	0	0	0	0	0	0	2	3	0	3	6	5	4	4	0	0	0	0	0	2	0	0	0	0	0	10	2	0	0	0	0	0	0	0	10	0	0	7	8	4	0	0	0	4	4	10	0	4	0	2	5	0	0	0	5	0	4	0	3	0	0	0	0	0	0	0	0	0	0	0	3	0	0	0	0	0	0	2	0	0	0	0	3	0	0	0	0	0	0
B_cell_receptor_signaling_pathway	0	0	0	0	0	0	0	0	0	0	0	0	0	0	0	0	0	0	0	0	0	0	0	0	0	0	0	0	0	0	0	0	0	0	0	0	0	0	0	0	0	0	0	2	0	0	0	0	2	0	0	0	0	3	0	0	0	0	0	0	0	0	0	0	0	0	0	0	0	0	0	0	0	4	0	0	0	0	0	0	0	0	0	0	0	0	0	0	0	0	0	0	0	0	0	0	0	0	0	0	0	0	0	0	0	0	0	0	0	0	0	0	0	0	2	0	0	0	0	0	0	0	0
Bacterial_invasion_of_epithelial_cells	0	0	0	0	0	0	0	0	0	0	0	0	0	0	0	0	0	0	0	0	0	0	2	0	0	0	0	0	0	0	0	0	0	0	0	0	0	0	0	0	0	0	0	0	0	0	0	0	0	0	0	0	0	0	0	0	0	0	0	0	0	0	0	0	0	0	0	0	0	0	0	0	0	0	0	0	0	0	0	0	0	0	0	0	0	0	0	0	0	0	0	0	0	0	0	0	0	0	0	0	0	0	0	0	0	0	0	0	0	0	2	0	0	0	0	0	0	0	0	0	0	0	0
Bile_secretion	0	0	0	0	0	0	0	0	0	0	0	0	0	0	0	0	0	0	0	0	0	0	0	0	0	0	0	0	0	0	0	0	0	0	0	0	0	0	0	0	0	0	0	0	0	0	0	0	2	0	0	0	0	0	0	0	0	0	0	0	0	0	0	0	0	0	0	0	0	0	0	0	0	0	0	0	0	0	0	0	2	0	0	0	0	0	0	0	0	0	0	0	0	0	0	0	0	0	0	0	2	0	0	0	0	0	0	0	0	0	0	0	0	0	0	0	0	0	0	0	0	0	0
Bladder_cancer	2	0	0	0	0	4	0	0	0	0	0	0	0	0	0	2	0	0	0	0	0	0	0	0	0	0	0	2	0	0	0	0	2	0	0	0	0	0	2	0	0	0	0	0	0	0	0	0	0	2	0	0	0	0	2	0	0	0	0	0	0	0	0	0	0	0	0	2	0	0	0	0	4	0	0	0	0	3	0	0	0	0	0	0	0	0	0	2	0	0	0	3	2	0	0	2	0	0	0	0	2	0	2	0	0	0	0	0	0	0	0	0	0	0	0	0	0	0	0	0	0	0	0
Calcium_signaling_pathway	0	0	0	0	0	0	0	0	0	0	0	0	0	0	0	0	0	0	0	0	0	0	0	0	0	0	0	0	0	0	0	0	0	0	0	0	0	0	0	0	0	0	0	0	0	0	0	0	0	0	0	0	0	0	0	0	0	0	0	0	0	0	0	0	0	0	0	0	0	0	0	0	0	0	0	0	0	0	0	0	0	0	0	0	0	0	0	0	0	0	0	0	0	0	0	0	0	0	0	2	0	0	0	0	0	0	3	0	0	0	0	0	0	0	0	0	0	0	0	0	0	0	0
Cardiac_muscle_contraction	2	2	0	0	0	0	0	0	0	0	0	0	0	0	0	0	0	0	0	0	0	2	0	0	0	0	0	0	0	0	0	0	0	0	0	0	0	0	0	0	0	0	0	0	0	0	0	0	0	0	0	0	0	0	0	0	0	0	0	0	0	0	0	0	0	0	0	0	0	0	0	0	0	0	0	0	0	0	0	0	0	0	0	0	0	0	0	0	0	0	0	0	0	0	0	0	0	0	0	0	0	0	0	0	0	0	0	0	0	0	0	0	0	0	0	0	0	0	0	0	0	0	0
Cell_adhesion_molecules_(CAMs)	0	0	0	0	0	0	0	4	2	9	0	0	0	0	3	0	0	0	0	0	0	0	3	0	0	0	13	0	0	6	0	0	0	0	0	0	0	0	0	0	2	9	0	3	7	8	4	6	3	0	0	0	0	3	0	0	0	0	0	13	0	0	0	0	0	0	0	0	14	0	0	9	11	7	0	0	0	6	0	12	0	6	2	2	5	0	0	0	9	7	9	7	4	0	0	0	0	0	0	0	0	0	0	0	4	0	0	2	0	0	0	4	0	0	0	0	0	0	0	2	2	0	0
Cell_cycle	0	0	0	0	0	4	0	0	0	0	0	0	0	0	0	2	0	0	0	0	0	0	0	0	6	0	0	0	0	0	0	0	0	0	0	0	0	0	3	0	0	0	0	0	0	0	0	0	3	0	0	0	0	0	2	0	0	0	0	0	0	0	0	0	0	0	0	3	0	0	0	0	0	0	0	0	0	0	0	0	0	0	0	0	0	0	0	5	0	0	0	0	0	0	0	2	0	0	0	0	3	0	2	0	0	0	0	0	0	0	0	0	0	0	0	0	0	0	0	0	0	0	0
Chagas_disease_(American_trypanosomiasis)	3	0	3	0	0	0	0	0	0	10	0	5	0	0	0	0	0	0	0	0	5	2	0	0	0	0	14	0	0	0	0	0	0	0	2	6	0	0	0	0	0	0	0	6	0	0	3	4	3	0	0	0	0	3	0	0	6	0	0	10	0	0	0	0	0	0	3	0	11	0	0	8	9	12	0	0	0	7	0	7	0	0	2	0	3	0	0	0	0	5	0	9	5	5	0	0	7	0	0	0	0	0	0	0	0	0	0	0	0	0	0	3	0	0	2	0	0	0	0	0	0	0	0
Chemokine_signaling_pathway	0	0	0	0	0	0	0	0	0	15	0	0	0	0	0	0	0	0	0	0	6	0	0	0	7	0	17	0	0	0	0	0	5	0	0	0	0	0	0	0	0	11	0	3	0	11	0	6	4	5	0	0	0	8	0	0	8	0	0	13	5	2	3	0	0	0	0	0	10	0	3	15	13	13	0	4	0	16	12	8	6	0	0	0	2	0	0	5	0	11	0	12	0	7	4	0	10	0	4	0	5	0	0	0	0	0	0	0	0	2	0	0	0	0	0	0	6	5	2	0	2	0	0
Chronic_myeloid_leukemia	0	0	0	0	0	3	0	0	0	0	0	0	0	0	0	2	0	0	0	0	0	0	0	0	0	0	0	0	0	0	0	0	0	0	0	0	0	0	2	0	0	0	0	0	0	0	0	0	0	0	0	0	0	0	2	0	0	0	0	0	0	0	0	0	0	0	0	2	0	0	0	0	0	0	0	0	0	0	0	0	0	0	0	0	0	0	0	0	0	0	0	0	0	0	0	2	0	0	0	0	2	0	2	0	0	0	0	0	0	0	0	0	0	0	0	0	0	0	0	0	0	0	0
Citrate_cycle_(TCA_cycle)	0	0	0	0	2	0	0	0	0	0	0	0	0	0	0	0	0	0	0	0	0	0	0	0	0	0	0	0	0	0	0	0	0	0	0	2	0	0	0	0	0	0	0	0	0	0	0	0	0	0	0	0	0	0	0	0	0	0	0	3	0	0	0	0	0	0	0	0	0	0	0	0	0	0	0	0	0	3	0	0	0	0	0	0	0	0	0	0	3	0	0	4	0	0	0	0	3	0	0	0	0	0	0	2	0	0	0	0	0	0	0	0	0	0	0	0	0	0	0	0	0	0	0
Collecting_duct_acid_secretion	0	0	0	0	0	0	0	0	0	0	0	0	0	0	0	0	0	0	0	0	0	0	0	0	0	0	0	0	0	0	0	0	0	0	0	0	0	0	0	0	0	0	0	0	0	0	0	0	0	0	0	0	0	0	0	0	0	0	0	0	0	0	0	0	0	0	0	0	0	0	0	0	0	0	2	0	0	0	0	0	0	0	0	0	0	0	0	0	0	0	0	0	0	0	0	0	0	0	0	0	0	0	0	0	0	0	0	0	0	0	0	0	0	0	0	0	0	0	0	0	0	0	0
Colorectal_cancer	0	0	0	0	0	3	0	0	0	0	0	0	0	0	0	0	0	0	0	0	0	0	0	0	0	0	0	0	0	0	0	0	0	0	0	0	0	0	0	0	0	0	0	0	0	0	0	0	0	0	0	0	0	0	0	0	0	0	0	0	0	0	0	0	0	0	0	2	0	0	0	0	0	0	0	0	0	0	0	0	0	0	0	0	0	0	0	0	0	0	0	0	0	0	0	0	0	0	0	0	0	0	0	0	0	0	0	0	2	0	0	0	0	0	0	0	0	0	0	0	0	0	0
Complement_and_coagulation_cascades	0	0	0	0	0	3	0	0	0	0	0	6	0	4	0	0	0	0	2	0	0	2	0	0	4	0	8	3	0	0	2	0	3	0	2	0	0	0	0	5	0	0	0	4	0	0	2	0	3	0	0	0	0	0	0	0	5	2	0	8	2	0	0	0	0	0	3	0	8	0	0	0	7	5	0	0	0	0	0	7	0	0	0	0	2	0	0	0	0	0	0	0	5	3	0	0	0	0	0	0	3	0	0	0	0	0	0	0	0	0	0	0	0	0	0	0	0	0	0	0	0	0	0
Cysteine_and_methionine_metabolism	0	0	0	0	2	0	0	0	0	0	0	0	0	0	0	0	0	0	0	0	2	0	0	0	0	0	0	0	0	0	0	0	3	0	0	0	0	0	0	0	0	0	0	0	0	0	0	0	0	0	0	0	0	0	0	0	2	0	0	0	0	0	0	2	0	0	0	0	3	0	0	0	0	0	0	0	0	0	0	0	0	4	0	0	0	0	0	0	0	0	0	0	0	0	0	0	0	0	0	0	0	0	0	0	0	0	0	0	0	0	0	0	0	0	0	0	2	0	0	0	0	0	0
Cytokine-cytokine_receptor_interaction	7	0	5	0	0	0	0	0	3	22	0	0	0	0	4	0	0	0	0	0	9	0	0	0	13	0	24	0	0	0	0	0	7	0	0	0	0	0	0	0	0	17	0	4	8	17	5	9	8	9	5	0	0	6	0	0	10	7	0	21	7	0	4	0	3	0	4	0	20	0	5	16	21	14	0	8	0	24	18	13	8	12	3	0	0	0	0	12	17	14	0	17	6	9	4	0	12	5	5	0	10	0	0	0	5	0	0	0	0	2	0	8	0	0	0	2	11	7	0	0	0	4	0
Cytosolic_DNA-sensing_pathway	0	0	3	0	0	0	0	0	0	5	0	0	0	0	0	0	0	0	0	0	4	0	0	0	0	0	10	0	0	0	0	0	0	0	0	3	0	0	0	0	0	6	0	0	4	7	3	5	0	0	0	0	0	3	0	0	0	0	0	0	0	0	0	0	0	0	0	0	6	0	0	5	0	6	0	2	0	4	8	5	3	5	2	0	0	0	0	0	9	7	6	7	3	5	0	0	3	0	0	0	2	0	0	0	0	0	0	2	0	0	0	2	0	0	2	0	3	3	0	0	0	0	0
Dilated_cardiomyopathy	0	2	2	0	0	0	0	0	0	0	0	0	0	0	0	0	0	0	0	0	0	0	3	0	0	0	0	3	0	3	0	0	0	3	0	0	0	0	0	0	0	0	0	0	0	0	0	0	0	0	0	0	0	0	0	0	0	0	0	0	0	2	0	0	0	0	0	0	0	0	0	0	0	0	0	0	0	0	0	0	0	0	2	0	0	0	0	0	0	0	0	0	0	0	0	0	0	0	0	0	0	2	0	0	0	0	0	0	0	0	2	0	0	0	0	0	0	0	0	0	0	0	0
Dorso-ventral_axis_formation	2	0	0	0	0	0	0	0	0	0	0	0	0	0	0	0	0	0	0	0	0	0	0	0	0	0	0	0	0	0	0	0	0	0	0	0	0	0	0	0	0	0	0	0	0	0	0	0	0	0	0	0	0	0	0	0	0	0	0	0	0	0	0	0	0	0	0	0	0	0	0	0	0	0	0	0	0	0	0	0	0	0	0	0	0	0	0	0	0	0	0	0	0	0	0	0	0	0	0	0	0	0	0	0	0	0	0	0	0	0	0	0	0	0	0	0	0	0	0	0	0	0	0
Drug_metabolism_-_cytochrome_P450	0	3	0	0	0	0	0	0	0	0	0	0	0	0	0	0	0	0	0	0	0	0	0	0	0	0	0	0	0	0	0	0	0	0	0	0	0	0	0	0	0	0	0	0	0	0	0	0	0	0	0	0	0	0	0	0	0	0	0	0	0	0	0	0	0	0	0	0	0	0	0	0	0	0	0	0	0	0	0	0	0	0	0	0	0	0	0	0	0	0	0	0	0	0	0	0	0	0	0	0	0	0	0	0	0	0	0	0	0	0	0	0	0	0	0	0	0	0	0	0	0	0	0
ECM-receptor_interaction	0	0	0	0	0	0	0	0	0	0	0	0	0	0	0	0	0	0	0	0	0	0	0	0	0	0	0	0	0	0	0	0	0	0	0	0	0	0	0	0	0	0	0	0	0	0	0	0	0	0	0	0	0	0	0	0	0	0	0	0	0	0	0	0	0	0	0	0	0	0	0	0	0	0	0	0	0	0	0	0	0	0	0	0	0	0	0	0	0	0	0	0	0	0	0	0	0	0	0	0	0	0	0	0	0	0	0	0	0	0	0	0	0	0	0	0	0	0	0	0	2	0	0
Endocrine_and_other_factor-regulated_calcium_reabsorption	0	0	0	0	0	0	0	0	0	0	0	3	0	0	0	0	0	0	0	0	0	0	0	0	0	0	0	0	0	0	0	0	0	0	0	0	0	0	0	0	0	0	0	0	0	0	0	0	0	0	0	0	0	0	0	0	0	0	0	0	0	0	0	0	0	0	0	0	0	0	0	0	0	0	0	0	0	0	0	0	2	0	0	0	0	0	0	0	0	0	0	0	2	0	0	0	0	0	0	0	0	0	0	0	0	0	0	0	0	0	0	0	0	0	0	0	0	0	0	0	0	0	0
Endocytosis	0	0	0	0	0	0	0	0	0	0	0	0	0	0	0	0	0	0	0	0	0	0	0	0	0	0	0	0	0	0	0	0	0	0	0	0	0	0	0	0	0	0	0	0	0	0	0	0	0	0	0	0	0	4	0	0	0	0	0	0	0	0	0	0	3	0	0	0	0	0	0	0	0	0	0	0	0	0	0	0	0	0	0	0	0	0	0	0	0	0	0	0	0	0	0	0	0	0	0	0	0	0	0	0	4	2	0	0	0	0	0	0	0	0	0	0	0	0	0	0	0	0	0
Epithelial_cell_signaling_in_Helicobacter_pylori_infection	0	0	0	0	0	0	0	0	0	4	0	0	0	0	0	0	0	0	0	0	3	0	0	0	0	0	4	0	0	0	0	0	0	0	0	0	0	0	0	0	0	0	0	2	0	0	0	0	0	0	0	0	0	0	0	0	0	0	0	0	0	0	0	0	0	0	0	0	4	0	0	4	0	3	0	0	0	0	0	0	2	0	2	0	0	0	0	0	0	0	0	4	0	0	0	0	0	0	0	0	0	0	0	0	0	0	0	0	0	0	0	0	0	0	0	0	0	0	0	0	0	0	0
ErbB_signaling_pathway	0	0	0	0	0	0	0	0	0	0	0	0	0	0	0	0	0	0	0	0	0	0	0	0	0	0	0	0	0	0	0	0	0	0	0	0	0	0	0	0	0	0	0	0	0	0	0	0	0	0	0	0	0	0	0	0	0	0	0	0	0	0	0	0	0	0	0	2	0	0	0	0	0	0	0	0	0	0	0	0	0	0	0	0	0	0	0	0	0	0	0	0	0	0	0	0	0	0	0	0	0	0	0	0	0	0	0	0	0	0	0	0	0	0	0	0	0	0	0	0	0	0	0
Ether_lipid_metabolism	0	0	0	0	0	0	0	0	0	0	0	0	0	0	0	0	0	0	0	0	0	0	0	0	0	0	0	2	0	0	0	0	0	0	0	0	0	0	0	0	0	0	0	0	0	0	0	0	0	0	0	0	0	0	0	0	0	0	0	0	0	0	0	0	0	0	0	0	0	0	0	0	0	0	0	0	0	0	0	0	0	0	0	0	0	0	0	0	0	0	0	0	0	0	0	0	0	0	0	0	0	0	0	0	0	0	0	0	0	0	0	0	0	0	0	0	0	0	0	0	0	0	0
Fat_digestion_and_absorption	0	0	0	0	0	0	2	0	0	0	0	0	0	0	0	0	0	0	0	0	0	0	0	0	0	0	0	0	0	0	0	0	0	0	0	0	0	0	0	0	0	0	0	0	0	0	0	0	0	0	0	0	0	0	0	0	0	0	0	0	0	0	0	0	0	0	0	0	0	0	0	0	0	0	0	0	0	0	0	0	0	0	0	0	0	0	0	0	0	0	0	0	0	0	0	0	0	0	0	0	0	0	0	0	0	0	0	0	0	0	0	0	0	0	0	0	0	0	0	0	0	0	0
Fatty_acid_metabolism	0	0	0	0	0	0	2	0	0	0	0	0	0	0	0	0	0	0	0	0	0	0	0	0	0	0	3	0	0	0	0	0	0	0	0	0	0	0	0	0	0	0	0	0	0	0	0	0	0	0	0	0	0	0	0	0	0	0	0	0	0	0	0	0	0	0	0	0	0	0	0	0	0	0	0	0	0	0	0	0	0	0	0	0	0	0	0	0	0	0	0	0	0	0	0	0	0	0	0	0	0	0	0	0	0	0	0	0	0	0	0	0	0	0	0	0	0	0	0	0	0	0	0
Fc_gamma_R-mediated_phagocytosis	0	0	0	0	0	3	0	0	0	0	0	0	0	5	0	0	0	0	0	0	0	0	0	0	0	0	5	3	0	3	2	0	3	0	0	4	0	0	0	5	0	0	0	0	0	0	0	0	0	0	0	0	0	4	2	0	5	0	0	7	0	0	0	0	0	0	0	0	7	0	0	0	7	0	0	0	0	0	0	0	0	0	0	0	0	0	0	0	0	0	0	5	0	4	0	0	5	0	0	0	0	0	0	0	0	0	0	0	0	0	0	0	0	0	0	0	0	4	0	0	0	0	0
Focal_adhesion	0	0	0	0	0	0	0	0	0	0	0	0	0	0	0	0	0	0	0	0	0	0	3	0	0	0	0	5	0	0	0	0	0	2	0	0	0	0	0	0	0	0	0	0	0	0	0	0	0	0	0	0	0	0	0	0	0	0	0	0	0	0	0	0	0	0	0	0	0	0	0	0	0	0	0	0	0	0	0	0	0	0	0	0	0	0	0	0	0	0	0	0	0	0	0	0	0	0	0	0	0	0	0	0	0	0	0	0	0	0	2	0	0	0	0	0	0	0	0	0	0	0	0
Folate_biosynthesis	0	0	0	0	0	0	0	0	0	0	0	0	0	0	0	0	0	0	0	0	0	0	0	0	0	0	0	0	0	0	0	0	0	0	0	0	0	0	0	0	0	0	0	0	0	0	0	0	0	0	0	0	0	0	0	0	0	0	0	0	0	0	0	0	0	0	0	0	2	0	0	0	0	0	0	0	0	0	0	0	0	0	0	0	0	0	0	0	0	0	0	0	0	0	0	0	0	0	0	0	0	0	0	0	0	0	0	0	0	0	0	0	0	0	0	0	0	0	0	0	0	0	0
Fructose_and_mannose_metabolism	0	0	0	0	0	0	0	0	0	0	0	0	0	0	0	0	0	0	0	0	0	0	0	0	0	0	0	0	0	0	0	0	0	0	0	2	0	0	0	0	0	0	0	0	0	0	0	0	0	0	0	0	0	0	0	0	0	0	0	0	0	0	0	0	0	0	0	0	0	0	0	0	0	0	0	0	0	0	0	0	0	0	0	0	0	0	0	0	0	0	0	0	0	0	0	0	0	0	0	0	0	0	0	0	0	0	0	0	0	0	0	0	0	0	0	0	0	0	0	0	0	0	0
Gap_junction	0	0	0	0	0	0	0	0	0	0	2	0	0	0	0	0	0	3	0	0	0	0	4	0	4	0	0	3	0	0	0	0	0	0	0	0	0	0	5	5	0	0	0	0	0	0	0	0	0	0	0	0	0	0	0	0	0	0	0	0	0	0	0	0	0	0	0	2	0	0	0	0	0	0	4	0	0	0	0	0	0	0	0	2	0	0	0	0	0	0	0	0	0	0	0	0	0	0	0	0	0	3	0	0	0	0	0	0	3	0	3	0	0	0	0	0	0	0	0	0	0	0	2
Gastric_acid_secretion	0	0	0	0	2	0	0	0	0	0	0	0	0	0	0	0	0	0	0	0	0	0	0	0	0	0	0	0	0	0	0	0	0	0	0	0	0	0	0	5	0	0	0	0	0	0	0	0	2	0	0	0	0	0	0	0	0	0	0	0	0	0	0	0	0	0	0	2	0	0	0	0	5	0	4	0	0	0	0	0	0	0	0	0	0	0	0	0	0	0	0	0	0	0	0	0	0	0	0	0	0	0	0	3	0	0	0	0	0	0	0	0	0	0	0	0	0	0	0	0	0	0	0
Glioma	0	0	0	0	2	4	0	0	0	0	0	0	0	0	0	2	0	0	0	0	0	0	0	0	0	0	0	0	0	0	0	0	3	0	0	0	0	0	3	0	0	0	0	0	0	0	0	0	0	0	0	0	0	0	2	0	0	0	0	0	0	0	0	0	0	0	0	3	0	0	0	0	5	0	0	0	0	4	0	0	0	0	0	0	0	0	0	0	0	0	0	0	0	0	0	2	0	0	0	0	2	0	2	0	0	0	0	0	0	0	0	0	0	0	0	0	0	0	0	0	0	0	0
Glutathione_metabolism	0	3	0	0	2	0	0	0	0	0	0	3	0	0	0	0	0	0	0	0	0	0	0	0	0	2	0	0	0	0	0	0	0	0	0	0	0	0	0	0	0	0	0	0	0	0	2	3	0	0	0	0	0	0	0	0	2	0	0	7	0	0	0	0	0	0	0	0	0	0	0	0	4	0	5	0	0	4	0	4	2	0	0	0	0	0	3	0	0	0	0	4	0	0	0	0	0	0	0	2	0	0	0	3	0	0	3	0	0	0	0	0	0	0	0	0	0	0	0	0	0	0	0
Glycerolipid_metabolism	0	0	0	0	0	3	0	0	0	0	2	0	0	2	0	0	0	0	0	0	0	2	0	0	0	0	0	0	0	0	2	0	0	0	0	0	0	0	2	0	0	0	0	0	0	0	0	0	0	0	0	0	0	0	2	0	0	0	0	5	0	0	0	0	0	0	0	0	0	0	0	0	0	0	0	0	0	0	0	3	0	0	0	0	0	0	0	0	0	0	0	0	0	0	0	0	0	0	0	0	0	0	0	0	0	0	0	0	0	0	0	0	0	0	0	0	0	2	0	0	0	0	0
Glycerophospholipid_metabolism	0	0	0	0	2	0	0	0	0	0	0	0	0	0	0	0	0	0	0	0	0	0	0	0	0	0	0	0	0	0	0	0	0	0	0	0	0	0	0	0	0	0	0	0	0	0	0	0	0	0	0	0	0	0	0	0	0	0	0	0	0	0	0	0	0	0	0	0	0	0	0	0	0	0	0	0	0	0	0	0	0	0	0	0	0	0	2	0	0	0	0	0	0	0	0	0	0	0	0	0	0	0	0	0	0	0	0	0	0	0	0	0	0	0	0	0	0	0	0	0	0	0	0
Glycine,_serine_and_threonine_metabolism	0	0	0	0	0	0	0	0	0	0	0	0	0	0	3	0	0	0	0	0	0	0	0	0	0	0	0	0	0	0	0	0	0	0	0	2	0	0	0	0	0	0	0	0	2	0	0	0	0	3	0	0	0	0	0	0	0	0	0	0	0	0	0	0	0	0	0	0	0	0	0	3	0	0	0	0	0	0	0	0	0	3	0	0	0	0	0	2	5	0	0	0	0	2	0	0	0	2	0	0	0	0	0	0	3	0	0	0	0	0	0	0	3	0	0	0	0	0	0	2	0	0	0
Glycolysis_/_Gluconeogenesis	0	0	0	0	0	0	0	0	0	0	0	0	0	0	0	0	0	0	0	0	0	0	0	0	0	0	0	0	0	0	0	0	0	0	0	3	0	0	0	0	0	0	0	0	0	0	0	0	0	0	0	0	0	0	0	0	0	0	0	0	0	0	0	0	0	0	0	0	0	0	0	0	0	0	0	0	0	0	0	0	0	0	0	0	0	0	0	0	0	0	0	0	0	0	0	0	0	0	0	0	0	0	0	3	0	0	0	0	0	0	0	0	0	0	0	0	0	0	0	0	0	0	0
Glycosphingolipid_biosynthesis_-_ganglio_series	0	0	0	0	0	0	0	0	0	0	0	0	0	0	0	0	0	0	0	0	0	0	0	0	0	0	0	0	0	0	0	0	0	0	0	0	0	0	0	0	0	0	0	0	0	0	0	0	0	0	0	0	0	0	0	0	0	0	0	0	0	0	0	0	0	0	0	0	0	0	0	0	0	0	0	0	0	0	0	0	0	0	0	0	0	0	0	0	0	0	0	2	0	0	0	0	0	0	0	0	0	0	0	0	0	0	0	0	0	0	0	0	0	0	0	0	0	0	0	0	0	0	0
Glyoxylate_and_dicarboxylate_metabolism	0	0	0	0	0	0	0	0	0	0	0	0	0	0	0	0	0	0	0	0	0	0	0	0	0	0	0	0	0	0	0	0	0	0	0	0	0	0	0	2	0	0	0	0	0	0	0	0	0	0	0	0	0	0	0	0	0	0	0	0	0	0	0	0	0	0	0	0	0	0	0	0	0	0	2	0	0	0	0	0	0	0	0	0	0	0	0	0	0	0	0	0	0	0	0	0	0	0	0	0	0	0	0	2	0	0	0	0	0	0	0	0	0	0	0	0	0	0	0	0	0	0	0
GnRH_signaling_pathway	0	0	0	0	2	0	0	0	0	0	0	0	0	0	0	0	0	0	0	0	0	0	0	0	0	0	0	0	0	0	0	0	0	0	0	0	0	0	0	0	0	0	0	0	0	0	0	0	0	0	0	0	0	0	0	0	0	0	0	0	0	0	0	0	0	0	0	2	0	0	0	0	0	4	0	0	0	6	0	0	0	0	0	0	0	0	0	0	0	0	0	0	0	0	0	0	0	0	0	0	0	0	0	0	0	0	0	0	0	0	0	0	0	0	0	0	0	0	0	0	0	0	0
Graft-versus-host_disease	0	0	0	0	0	0	0	2	0	3	0	0	0	0	0	0	0	0	0	0	0	2	0	0	0	0	11	0	0	5	2	0	0	0	0	0	0	0	0	0	2	0	0	3	5	4	3	3	0	0	0	0	0	2	0	0	0	0	0	11	2	0	0	0	0	0	2	0	9	0	0	6	9	5	0	0	0	5	4	10	0	3	0	2	5	0	0	0	4	0	5	4	4	0	0	0	0	0	0	0	0	0	0	2	3	0	0	2	0	0	0	0	0	0	0	0	3	0	0	0	0	0	0
Hematopoietic_cell_lineage	4	0	0	0	2	0	0	0	0	7	0	0	0	0	2	0	0	3	0	0	6	2	0	0	0	0	13	0	0	7	0	0	4	0	0	5	0	0	0	0	0	0	0	4	4	6	0	0	0	0	0	0	0	0	0	0	3	0	2	14	0	0	2	0	0	0	2	0	11	0	0	5	9	6	0	2	0	10	0	14	3	0	0	0	2	2	0	3	6	5	5	8	5	0	0	0	4	0	0	0	3	0	0	0	0	0	2	2	0	0	0	0	0	0	0	0	5	0	0	0	0	0	0
Hepatitis_C	0	0	0	0	0	0	0	0	2	0	0	7	0	0	0	0	0	0	0	2	0	0	0	0	0	0	0	0	0	0	0	0	0	0	0	0	0	2	0	0	0	11	0	0	9	11	6	10	0	8	0	0	0	0	0	0	0	0	0	0	0	0	3	0	0	0	0	0	8	0	0	10	0	0	0	0	0	0	9	0	0	10	0	0	0	0	0	0	12	11	7	8	0	0	0	0	0	0	0	0	0	0	0	0	0	0	0	0	0	0	0	3	0	0	2	0	0	0	0	0	0	0	0
Histidine_metabolism	0	0	0	0	0	0	0	0	0	0	0	0	0	0	0	0	0	0	0	0	0	2	0	0	0	0	0	0	0	0	0	0	0	0	0	0	0	0	0	0	0	0	0	0	0	0	0	0	0	0	0	0	0	0	0	0	0	0	0	0	0	0	0	0	0	0	0	0	0	0	0	0	0	0	0	0	0	0	0	0	0	0	0	0	0	0	0	0	0	0	0	0	0	0	0	0	0	0	0	0	0	0	0	0	0	0	0	0	0	0	0	0	0	0	0	0	0	0	0	0	0	0	0
Huntington's_disease	0	0	0	0	0	0	0	5	0	0	0	0	0	0	0	0	0	0	0	0	0	0	0	0	0	0	0	0	0	0	0	0	0	0	0	0	0	0	0	8	0	0	0	0	0	0	0	0	0	0	0	4	0	0	0	0	0	0	0	0	0	0	0	0	0	0	0	0	0	0	0	0	0	0	7	0	0	0	0	0	0	0	0	0	0	0	0	0	0	0	0	0	0	0	0	0	0	0	0	0	0	0	0	6	0	0	0	0	0	0	0	0	0	0	0	0	0	0	0	0	0	0	0
Hypertrophic_cardiomyopathy_(HCM)	0	2	2	0	0	0	0	0	0	0	0	0	0	0	0	0	0	0	0	0	0	0	3	0	0	0	0	3	0	3	0	0	0	3	0	0	0	0	0	0	0	0	0	0	0	0	0	0	0	0	0	0	0	0	0	0	0	0	0	0	0	0	0	0	0	0	0	0	0	0	0	0	0	0	0	0	0	0	0	0	0	0	2	0	0	0	0	0	0	0	0	0	0	0	0	0	0	0	0	0	0	2	0	0	0	0	0	0	0	0	2	0	0	0	0	0	0	0	0	0	0	0	0
Insulin_signaling_pathway	0	0	0	0	0	0	0	0	0	0	0	0	0	0	0	0	0	0	0	0	0	0	0	0	0	0	0	0	0	0	0	0	0	0	0	6	0	0	0	0	0	0	0	0	0	0	0	0	0	0	0	0	0	0	0	0	0	0	0	0	0	0	0	0	0	0	0	0	0	0	0	0	0	0	0	0	0	0	0	0	0	0	0	0	0	0	0	0	0	0	0	0	0	0	0	0	0	0	0	0	0	0	0	4	0	0	0	0	0	0	0	0	0	0	0	0	0	0	0	0	0	0	0
Intestinal_immune_network_for_IgA_production	0	0	0	0	0	0	2	2	0	3	0	0	0	0	3	0	0	0	0	0	0	2	0	0	3	0	9	0	0	5	2	0	0	0	0	0	0	0	0	0	2	4	0	3	7	5	4	5	0	0	0	0	0	0	0	0	0	0	0	10	3	0	0	2	0	0	0	0	10	0	0	6	7	4	0	2	0	4	4	9	0	3	0	2	5	0	0	0	5	4	0	0	3	0	0	0	0	0	0	0	0	0	0	2	0	0	0	0	0	0	0	4	0	0	0	0	3	0	0	0	0	0	0
Jak-STAT_signaling_pathway	3	0	3	0	0	0	0	0	0	8	0	0	0	0	0	0	0	0	0	0	0	0	0	0	0	0	8	0	0	0	0	0	5	0	0	7	0	0	0	0	0	7	0	0	0	8	0	6	0	0	0	0	0	0	0	0	0	0	0	0	0	0	0	0	0	0	0	0	10	0	0	0	0	0	0	0	0	9	9	0	0	0	0	0	0	0	0	4	0	0	7	0	4	0	0	0	0	0	0	0	0	0	0	0	0	0	0	0	0	0	0	4	0	0	0	0	5	0	0	0	0	0	0
Leishmaniasis	0	0	2	0	0	0	0	0	0	5	0	4	0	4	2	0	0	0	0	0	3	4	0	0	5	0	15	4	0	8	2	0	0	0	0	3	0	0	0	6	2	0	0	5	5	0	3	0	2	0	0	0	0	4	3	0	4	3	0	14	4	0	0	3	0	0	3	0	13	0	0	7	13	10	0	0	0	7	8	9	2	4	0	2	5	0	0	3	7	4	5	9	5	4	0	0	6	2	0	0	0	0	0	4	0	0	0	2	2	0	0	2	0	2	2	0	0	3	0	0	0	0	0
Leukocyte_transendothelial_migration	0	0	0	0	0	0	0	0	0	0	0	0	0	0	0	0	0	0	0	0	0	0	3	0	0	0	0	6	0	3	0	0	5	0	0	0	0	0	0	6	0	0	0	0	0	0	0	0	0	0	0	3	0	3	0	0	0	0	0	0	0	0	3	0	0	0	0	0	0	0	0	0	0	0	0	0	0	0	0	5	0	0	0	2	0	0	0	0	0	0	0	0	0	0	0	0	0	0	0	0	0	2	0	0	0	2	0	0	0	0	2	0	0	0	0	0	0	0	0	0	0	0	0
Long-term_potentiation	0	0	0	0	2	0	0	0	0	0	0	0	0	0	0	0	0	0	0	0	0	0	0	0	0	0	0	0	0	0	0	0	0	0	0	0	0	0	0	0	0	0	0	0	0	0	0	0	0	0	0	0	0	0	0	0	0	0	0	0	0	0	0	0	0	0	0	0	0	0	0	0	0	0	0	0	0	4	0	0	0	0	0	0	0	0	0	0	0	0	0	0	0	0	0	0	0	0	0	0	0	0	0	3	0	0	0	0	0	0	0	0	0	0	0	0	0	0	0	0	0	0	0
Lysosome	0	0	0	0	4	0	0	6	2	0	0	0	0	0	3	0	2	0	0	0	0	0	0	0	0	0	0	0	2	0	3	0	0	0	0	0	2	0	0	0	2	0	0	0	0	0	0	0	0	0	0	0	0	0	0	0	7	0	0	0	0	0	2	3	0	0	3	0	0	2	0	0	8	0	5	0	0	7	0	0	4	0	0	2	0	0	0	0	0	0	0	7	0	5	0	0	7	0	0	0	0	0	0	5	0	0	5	0	0	0	0	0	3	2	0	0	0	0	0	0	0	0	0
MAPK_signaling_pathway	0	0	0	0	0	0	0	0	0	0	0	0	0	0	0	0	0	0	0	0	0	0	0	0	0	0	0	0	0	0	0	0	0	0	0	0	0	0	0	0	0	0	0	0	0	0	0	0	0	0	0	0	0	0	0	0	0	0	0	0	0	0	0	0	0	0	0	0	0	0	0	0	0	0	0	0	0	0	0	0	0	0	0	0	0	0	0	0	0	0	0	0	0	0	0	0	0	0	0	0	0	0	0	0	0	2	0	0	4	0	2	0	0	0	4	0	0	0	0	0	0	0	0
Malaria	2	0	3	0	0	0	0	0	0	7	2	0	0	0	0	0	0	0	0	0	4	0	0	0	0	0	6	0	0	0	0	0	0	0	0	3	0	0	0	0	0	3	0	0	0	4	0	0	0	0	0	0	0	3	0	0	3	0	0	0	0	0	2	0	0	0	0	0	4	0	0	5	5	3	0	2	0	4	0	5	0	4	0	0	0	2	0	0	4	4	5	5	0	4	0	0	4	0	3	0	0	0	0	0	0	0	0	2	0	0	0	2	0	0	0	0	0	0	0	2	0	0	0
Measles	0	0	0	0	0	0	0	0	0	8	0	8	0	0	3	0	0	0	0	3	4	0	0	0	0	0	9	0	0	0	0	0	4	0	0	7	0	0	0	0	0	13	0	3	11	14	8	12	0	9	0	0	0	3	0	0	0	0	0	0	0	2	0	0	3	0	2	0	12	0	0	10	8	7	0	0	0	7	11	0	0	12	0	0	0	0	0	0	14	12	12	11	5	0	0	0	6	0	0	0	0	0	0	0	3	0	0	0	0	0	0	0	0	0	3	0	0	5	0	0	0	0	0
Melanogenesis	0	0	0	0	2	0	0	0	0	0	0	0	0	0	0	0	0	0	0	0	0	0	0	0	0	0	0	0	0	0	0	0	0	0	0	0	0	0	0	0	0	0	0	0	0	0	0	0	0	0	0	0	0	0	0	0	0	0	0	0	0	0	0	0	0	0	0	0	0	0	0	0	0	0	0	0	0	0	0	0	0	0	0	0	0	0	0	0	0	0	0	0	0	0	0	0	0	0	0	0	0	0	0	0	0	0	0	0	0	0	0	0	0	0	0	0	0	0	0	0	0	0	0
Melanoma	0	0	0	0	0	3	0	0	0	0	0	0	0	0	0	2	0	0	0	0	0	0	0	0	0	0	0	0	0	0	0	0	0	0	0	0	0	0	2	0	0	0	0	0	0	0	0	0	0	0	0	0	0	0	2	0	0	0	0	0	0	0	0	0	0	0	0	2	0	0	0	0	0	0	0	0	0	0	0	0	0	0	0	0	0	0	0	0	0	0	0	0	0	0	0	2	0	0	0	0	2	0	2	0	0	0	0	0	0	0	0	0	0	0	0	0	0	0	0	0	0	0	0
Metabolism_of_xenobiotics_by_cytochrome_P450	0	3	0	0	0	0	0	0	0	0	0	0	0	0	0	0	0	0	0	0	0	0	0	0	0	0	0	0	0	0	0	0	0	0	0	0	0	0	0	0	0	0	0	0	0	0	0	0	0	0	0	0	0	0	0	0	0	0	0	0	0	0	0	0	0	0	0	0	0	0	0	0	0	0	0	0	0	0	0	0	0	0	0	0	0	0	0	0	0	0	0	0	0	0	0	0	0	0	0	0	0	0	0	0	0	0	2	0	0	0	0	0	0	0	0	0	0	0	0	0	0	0	0
Mineral_absorption	3	0	3	0	0	0	0	3	0	0	0	3	3	0	0	0	0	4	0	0	0	2	0	0	0	0	9	0	0	2	0	0	0	0	0	8	0	0	0	0	0	3	0	0	0	0	0	0	0	0	0	0	0	0	0	0	0	0	0	6	2	0	0	8	4	0	0	0	4	0	0	0	9	6	0	0	0	4	0	0	2	0	0	0	0	0	0	4	0	4	4	5	4	0	0	0	3	0	0	0	0	0	0	0	0	0	0	0	0	2	0	0	0	0	0	0	0	0	0	0	0	0	0
NOD-like_receptor_signaling_pathway	0	0	3	0	0	4	0	0	0	8	0	0	0	0	2	0	0	0	0	0	4	0	0	0	4	0	7	4	0	0	0	0	0	0	0	3	0	0	2	0	0	5	0	0	0	5	0	5	0	0	0	2	0	5	0	0	0	0	0	5	2	0	0	0	0	0	0	3	5	0	0	4	5	5	0	0	0	4	7	3	3	5	2	2	0	0	0	3	5	7	0	7	0	5	0	0	4	0	2	0	0	3	0	0	2	0	0	3	2	0	0	0	0	0	2	0	0	0	0	0	0	2	0
Natural_killer_cell_mediated_cytotoxicity	0	0	0	0	0	0	0	0	0	0	0	0	0	0	0	0	0	0	0	0	0	0	0	0	0	0	0	0	0	0	0	0	0	0	0	0	0	0	0	0	0	6	0	0	0	0	3	5	0	0	0	0	0	0	0	0	0	0	0	0	0	0	0	0	0	0	0	0	8	0	0	7	0	0	0	0	0	7	0	6	0	7	2	0	0	0	0	0	8	0	7	0	0	5	0	0	0	0	0	0	0	0	0	0	3	0	0	0	0	0	0	3	0	0	0	0	0	4	0	0	0	0	0
Neuroactive_ligand-receptor_interaction	0	0	0	0	0	0	0	0	0	0	0	0	0	0	0	0	0	0	0	0	0	0	0	0	0	0	0	0	0	0	0	0	0	0	0	0	0	0	0	0	0	0	0	0	0	0	0	0	0	0	0	0	0	0	0	0	0	0	0	0	0	0	0	0	0	0	0	0	0	0	3	0	0	0	0	0	0	0	0	0	0	0	0	0	0	0	0	0	0	0	0	0	0	0	0	0	0	0	0	0	0	0	0	0	0	0	0	0	0	0	0	0	0	0	0	0	0	0	0	0	0	0	0
Neurotrophin_signaling_pathway	0	0	0	0	0	0	0	0	0	0	0	0	0	0	0	0	0	0	0	0	4	0	0	0	0	0	0	0	0	0	0	0	0	0	0	0	0	0	0	0	0	0	0	0	0	0	0	0	3	0	0	0	0	3	0	0	0	0	0	0	0	0	0	0	0	0	0	0	0	0	0	0	0	0	0	0	0	0	0	0	0	0	0	0	0	0	0	0	0	0	0	0	0	0	0	0	0	0	0	0	0	0	0	0	0	0	0	0	0	0	0	0	0	0	0	0	0	0	0	0	0	0	0
Nicotinate_and_nicotinamide_metabolism	0	0	0	0	0	0	0	0	0	0	0	0	0	0	0	0	0	0	0	0	0	0	0	0	2	0	0	0	0	0	0	0	0	0	0	0	0	0	0	0	0	2	0	0	0	0	0	2	0	0	0	0	0	0	0	0	2	0	0	3	0	0	0	0	0	0	0	0	0	0	0	0	3	2	0	0	0	0	4	3	0	0	0	0	0	0	0	0	3	3	3	3	0	3	0	0	2	0	0	0	0	0	0	0	0	0	0	0	0	0	0	2	0	0	0	0	0	0	0	0	0	0	0
Nitrogen_metabolism	0	0	0	0	0	0	0	0	0	0	0	0	0	0	0	0	0	0	0	0	0	0	0	0	2	0	0	0	0	2	0	0	0	0	0	0	0	0	0	0	0	0	0	0	0	0	0	0	0	0	0	0	0	0	0	0	0	0	0	0	0	0	0	0	0	0	0	0	0	0	0	0	0	0	2	0	0	0	0	0	0	0	0	0	0	0	0	0	0	0	0	0	0	2	0	0	0	0	0	0	0	0	0	0	0	0	0	0	0	0	0	0	0	0	0	0	0	0	0	0	0	0	0
Notch_signaling_pathway	0	0	0	0	0	0	0	0	0	0	0	0	0	0	0	0	0	0	0	0	0	0	0	0	0	0	0	0	0	0	0	0	0	0	0	0	0	0	0	0	0	0	0	0	0	0	0	0	0	0	0	0	0	0	0	0	0	0	0	0	0	0	0	0	0	0	0	0	0	0	0	0	0	0	0	0	0	0	0	0	0	0	0	0	0	0	0	0	0	0	0	0	2	0	0	0	0	0	0	0	0	0	0	0	0	0	0	0	0	0	0	0	0	0	0	0	0	0	0	0	0	0	0
Nucleotide_excision_repair	0	0	0	0	0	0	0	0	0	0	0	0	0	0	0	0	0	0	0	0	0	0	0	0	0	0	0	0	0	0	0	0	0	0	0	0	0	0	0	3	0	0	0	0	0	0	0	0	0	0	0	0	0	0	0	0	0	0	0	0	0	0	0	0	0	0	0	0	0	0	0	0	0	0	3	0	0	0	0	0	0	0	0	0	0	0	0	0	0	0	0	0	0	0	0	0	0	0	0	0	0	0	0	0	0	0	0	0	0	0	0	0	0	0	0	0	0	0	0	0	0	0	0
Oocyte_meiosis	0	0	0	0	2	0	0	0	0	0	0	0	0	0	0	0	0	0	0	0	0	0	0	0	0	0	0	0	0	0	0	0	0	0	0	0	0	0	0	0	0	0	0	0	0	0	0	0	4	0	0	0	0	0	0	0	0	0	0	0	0	0	0	0	0	0	0	2	0	0	0	0	0	0	0	0	0	0	0	0	0	0	0	0	0	0	0	0	0	0	0	0	0	0	0	0	0	0	0	0	0	0	0	0	0	0	0	0	0	0	0	0	0	0	0	0	0	0	0	0	0	0	0
Osteoclast_differentiation	0	0	0	0	0	0	3	4	0	10	0	10	0	3	0	0	0	0	0	0	6	0	0	2	6	0	12	4	0	7	0	0	0	0	0	5	0	0	0	9	0	11	0	4	6	10	0	8	4	6	0	0	0	6	5	2	4	0	0	12	4	0	0	3	0	0	3	0	15	0	0	8	11	10	0	0	0	13	11	6	5	10	2	0	0	0	0	4	17	12	10	9	4	7	0	0	6	0	0	0	4	0	0	0	0	0	0	2	0	0	0	3	0	0	2	0	5	7	0	0	0	0	0
Oxidative_phosphorylation	0	0	0	3	0	0	6	7	0	0	0	0	0	0	0	0	0	0	0	0	0	0	0	3	0	0	0	0	0	0	0	0	0	0	0	0	0	0	0	0	0	0	0	0	5	8	0	7	0	0	0	0	0	0	0	0	0	0	0	0	0	0	0	0	0	4	0	0	0	0	0	0	0	0	6	0	0	0	0	0	0	0	0	0	0	0	0	0	0	6	0	0	0	0	0	0	0	0	0	0	0	0	0	8	0	0	0	0	0	0	0	0	0	0	0	0	0	0	0	0	0	0	0
PPAR_signaling_pathway	3	2	0	0	2	0	2	0	0	6	2	7	0	0	0	0	0	0	0	0	3	0	0	0	0	2	5	0	0	5	0	2	3	0	0	6	0	0	2	9	0	0	0	0	4	7	0	7	0	0	0	2	2	0	0	0	0	0	0	10	2	0	0	2	0	0	2	0	0	0	0	7	0	0	7	0	0	9	5	6	0	5	0	0	0	0	3	0	7	6	4	7	0	0	0	0	5	0	0	0	3	0	0	4	0	2	0	0	0	0	0	0	0	0	2	0	7	0	0	2	2	2	0
Pancreatic_cancer	0	0	0	0	0	3	0	0	0	0	0	0	0	0	0	0	0	0	0	0	0	0	0	0	0	0	0	0	0	0	0	0	0	0	0	0	0	0	0	0	0	0	0	0	0	0	0	0	0	0	0	0	0	0	0	0	0	0	0	0	0	0	0	0	0	0	0	0	0	0	0	0	0	0	0	0	0	0	0	0	0	0	0	0	0	0	0	0	0	0	0	0	0	0	0	0	0	0	0	0	0	0	0	0	0	0	0	0	0	0	0	0	0	0	0	0	0	0	0	0	0	0	0
Parkinson's_disease	3	0	0	3	0	5	6	9	0	0	0	6	0	0	0	2	0	0	0	0	0	0	0	3	0	2	0	0	0	0	0	0	4	0	0	0	2	0	0	7	0	0	0	0	6	8	0	8	0	0	0	4	0	0	0	0	0	0	0	8	0	0	0	3	0	4	0	0	0	0	0	0	8	0	8	0	0	0	7	0	0	0	0	0	0	0	0	0	0	7	0	0	0	0	0	0	0	0	0	2	0	0	0	10	0	0	0	0	3	0	0	0	0	0	0	0	0	0	0	0	0	0	0
Pathogenic_Escherichia_coli_infection	0	0	0	0	0	0	0	0	0	0	2	4	0	0	0	0	0	3	0	0	0	0	7	0	7	0	0	6	0	4	0	0	0	0	0	0	0	0	7	8	0	0	0	0	0	0	0	0	4	0	0	0	0	0	0	0	0	3	0	5	0	0	2	0	0	0	0	3	0	0	0	0	5	3	3	0	0	0	7	0	0	5	0	3	0	0	0	0	5	0	0	0	0	0	0	0	0	0	0	0	2	5	0	0	3	0	0	0	4	0	5	0	0	0	0	0	0	0	0	0	0	0	2
Pathways_in_cancer	5	0	0	0	0	12	0	0	0	0	0	11	0	0	0	4	0	0	0	0	0	0	0	0	11	0	0	7	0	0	0	0	0	0	0	0	0	0	4	0	0	0	0	0	0	0	0	0	0	0	0	0	0	0	0	0	0	0	0	0	0	0	0	0	0	0	0	6	0	0	0	0	0	0	0	0	2	0	0	0	5	0	0	0	0	0	0	0	0	0	0	0	0	0	0	4	0	0	0	0	0	4	0	0	0	0	0	0	6	0	0	0	0	0	0	0	0	0	0	0	0	5	0
Pentose_and_glucuronate_interconversions	0	0	0	0	0	0	0	0	0	0	0	0	0	0	0	0	0	0	0	0	0	0	0	0	0	0	0	0	0	0	0	0	0	0	0	0	0	0	0	0	0	0	0	0	0	0	0	0	0	0	0	0	0	0	0	0	0	0	0	0	0	0	0	0	0	0	0	0	0	0	0	0	3	0	0	0	0	0	0	0	0	0	0	0	0	0	0	0	0	0	0	0	0	0	0	0	0	0	0	0	0	0	0	0	0	0	0	0	0	0	0	0	0	0	0	0	0	0	0	0	0	0	0
Peroxisome	0	0	2	0	0	0	0	0	0	0	0	0	0	0	0	0	0	0	0	0	0	0	0	0	0	2	0	0	0	0	0	0	0	0	0	0	0	0	0	0	0	0	0	0	0	0	0	0	0	0	0	0	0	0	0	0	0	0	0	0	0	0	0	0	0	0	0	0	0	0	0	0	0	0	0	0	0	5	0	0	0	0	0	0	0	0	0	0	0	0	0	0	0	0	0	0	0	0	0	0	0	0	0	0	0	0	0	0	0	0	0	0	0	0	0	0	0	0	0	0	0	0	0
Phagosome	0	0	0	0	0	0	3	0	0	0	3	11	0	7	3	0	0	6	0	0	0	8	8	2	10	0	17	11	0	17	4	0	4	0	0	5	0	0	6	17	3	0	0	6	8	8	6	0	5	0	0	0	0	4	5	3	8	6	2	22	3	0	3	4	0	0	4	0	15	0	0	10	23	15	10	0	0	8	18	17	3	14	0	5	5	0	0	0	15	7	8	9	4	0	4	0	0	0	0	0	0	4	0	5	5	0	3	0	4	0	5	0	0	2	5	0	5	0	0	0	3	0	2
Phosphatidylinositol_signaling_system	0	0	0	0	2	0	0	0	0	0	0	0	0	0	0	0	0	0	0	0	0	0	0	0	0	0	0	0	0	0	0	0	0	0	0	0	0	0	0	0	0	0	0	0	0	0	0	0	0	0	0	0	0	0	0	0	0	0	0	0	0	0	0	0	0	0	0	0	0	0	0	0	0	0	0	0	0	0	0	0	0	0	0	0	0	0	0	0	0	0	0	0	0	0	0	0	0	0	0	0	0	0	0	0	0	0	0	0	0	0	0	0	0	0	0	0	0	0	0	0	0	0	0
Phototransduction	0	0	0	0	2	0	0	0	0	0	0	0	0	0	0	0	0	0	0	0	2	0	0	0	0	0	0	0	0	0	0	0	0	0	0	0	0	0	0	0	0	0	0	0	0	0	0	0	0	0	0	0	0	0	0	0	0	0	0	0	0	0	0	0	0	0	0	0	0	0	0	0	0	0	0	0	0	0	0	0	0	0	0	0	0	0	0	0	0	0	0	0	0	0	0	0	0	0	0	0	0	0	0	2	0	0	0	0	0	0	0	0	0	0	0	0	0	2	0	0	0	0	0
Porphyrin_and_chlorophyll_metabolism	0	0	0	0	0	0	0	0	0	0	0	3	0	0	0	0	0	2	0	0	0	0	0	0	0	0	0	0	0	0	0	0	0	0	0	0	0	0	0	0	0	0	0	0	0	0	0	0	0	0	0	0	0	0	0	0	0	0	0	0	0	0	0	0	0	0	0	0	0	0	0	0	0	0	0	0	0	0	0	0	0	3	0	0	0	0	0	0	0	0	0	0	0	0	0	2	0	2	0	0	0	0	0	0	2	0	0	0	0	0	0	0	0	0	0	0	0	0	0	0	0	0	0
Primary_bile_acid_biosynthesis	0	0	0	0	0	0	0	0	0	0	0	0	0	0	0	0	0	0	0	0	0	0	0	0	0	0	0	0	0	0	0	0	0	0	0	0	0	0	0	2	0	0	0	0	0	0	0	2	0	0	0	0	0	0	0	0	0	0	0	0	0	0	0	0	0	0	0	0	0	0	0	0	0	0	0	0	0	0	0	0	0	0	0	0	0	0	0	0	2	0	0	0	0	0	0	0	0	0	0	0	0	0	0	0	0	0	0	0	0	0	0	0	0	0	0	0	0	0	0	0	0	0	0
Primary_immunodeficiency	0	0	0	0	0	0	0	0	0	0	0	3	0	0	0	0	0	0	0	0	0	0	0	0	0	0	0	0	0	0	0	0	2	0	0	0	0	0	0	0	0	4	0	0	3	3	2	0	0	2	2	0	0	0	0	0	0	0	0	0	0	0	0	0	0	0	0	0	3	0	0	3	0	0	0	0	0	0	3	0	0	0	0	0	0	0	0	0	4	4	3	3	0	0	0	0	0	0	0	0	0	0	0	0	0	0	0	0	0	0	0	2	0	0	0	0	0	0	0	0	0	0	0
Prion_diseases	0	0	2	0	0	2	0	0	0	0	0	0	0	0	0	0	0	0	0	0	0	2	0	0	0	0	5	2	0	0	0	0	0	0	2	3	0	0	0	4	0	0	0	3	0	0	2	0	0	0	0	0	0	0	0	0	2	0	0	7	0	0	0	0	0	0	2	0	5	0	0	0	6	4	3	0	0	0	4	5	0	0	0	0	2	0	0	0	0	0	0	6	4	2	0	0	3	0	0	0	0	0	0	3	0	0	0	0	0	0	0	0	0	0	0	0	0	0	0	0	0	0	0
Progesterone-mediated_oocyte_maturation	0	0	0	0	0	0	0	0	0	0	0	0	0	0	0	0	0	0	0	0	0	0	0	0	0	0	0	0	0	0	0	0	0	0	0	0	0	0	2	0	0	0	0	0	0	0	0	0	0	0	0	0	0	0	0	0	0	0	0	0	0	0	0	0	0	0	0	2	0	0	0	0	0	0	0	0	0	0	0	0	0	0	0	2	0	0	0	0	0	0	0	0	0	0	0	0	0	0	0	0	0	2	0	0	0	0	0	0	2	0	0	0	0	0	2	0	0	0	0	0	0	2	0
Propanoate_metabolism	0	0	0	0	0	0	0	0	0	0	0	0	0	0	0	0	0	0	0	0	2	0	0	0	0	0	0	0	0	0	0	0	0	0	0	0	0	0	0	0	0	0	0	0	0	0	0	0	0	0	0	0	0	0	0	0	0	0	0	0	0	0	0	0	0	0	0	0	0	0	0	0	0	0	0	0	0	0	0	0	0	0	0	0	0	0	0	0	0	0	0	0	0	0	0	0	0	0	0	0	0	0	0	2	0	0	0	0	0	0	0	0	0	0	0	0	0	0	0	0	0	0	0
Prostate_cancer	0	2	0	0	0	4	0	0	0	5	0	0	0	0	0	2	0	0	0	0	0	0	0	0	5	0	0	4	0	0	0	0	0	0	0	0	0	0	3	0	0	0	0	0	0	0	0	0	0	3	2	0	0	3	0	0	0	0	0	0	0	0	0	0	0	0	0	4	0	0	0	0	0	0	0	0	0	0	0	0	0	0	0	2	0	0	0	0	0	0	0	0	0	0	0	2	0	0	0	0	0	3	0	0	3	2	0	0	0	0	0	0	0	0	2	0	0	0	0	0	0	3	0
Proteasome	0	0	0	0	0	0	2	0	0	0	0	0	0	0	2	0	0	2	0	0	0	0	0	0	0	0	0	0	0	0	0	0	0	0	0	0	0	0	0	0	0	4	0	0	4	4	2	3	0	3	0	0	0	0	0	0	0	0	0	0	0	0	0	0	0	0	0	0	0	0	0	4	0	0	0	0	0	0	0	0	0	5	0	0	0	0	0	0	0	4	0	0	0	3	0	0	0	0	0	0	0	0	0	0	2	0	0	0	0	0	0	0	0	0	0	0	0	3	0	0	0	0	0
Protein_digestion_and_absorption	0	0	0	0	0	0	0	0	0	0	0	0	0	0	0	0	0	0	0	0	0	0	0	0	0	0	0	0	0	0	0	0	0	0	0	0	0	0	0	0	0	0	0	0	0	0	0	0	2	0	0	0	0	0	0	0	0	0	0	0	0	0	0	0	0	0	0	0	0	0	0	0	0	0	0	0	0	0	0	0	0	0	0	0	0	0	0	0	0	0	0	0	0	0	0	0	0	0	0	0	0	0	0	0	0	0	0	0	0	0	0	0	0	0	0	0	0	0	0	0	0	0	0
Protein_processing_in_endoplasmic_reticulum	0	0	0	0	0	8	0	0	0	0	0	0	0	0	0	0	0	0	0	0	0	3	0	0	0	0	0	8	0	0	0	0	0	0	0	0	0	0	3	9	0	0	0	0	0	0	0	0	0	0	0	3	0	0	0	2	0	0	0	0	0	0	0	0	0	0	0	3	0	0	0	0	0	0	0	0	0	0	0	0	0	0	0	2	0	0	0	0	0	0	8	9	0	0	0	0	0	0	0	0	0	5	0	0	6	0	0	0	5	0	0	0	0	0	0	0	0	0	0	0	0	0	0
Proximal_tubule_bicarbonate_reclamation	0	0	0	0	0	0	0	0	0	0	0	0	0	0	0	0	0	0	0	0	0	0	0	0	2	0	0	0	0	2	0	0	0	0	0	0	0	0	0	3	0	0	0	0	0	0	0	0	0	0	0	0	0	0	0	0	0	0	0	4	0	0	0	0	0	0	0	0	0	0	0	0	0	0	2	0	0	2	0	0	0	2	0	0	0	0	0	2	0	0	0	3	0	0	0	0	3	0	0	0	0	0	0	0	0	0	0	0	2	0	0	0	0	0	0	0	0	0	0	0	0	0	0
Pyrimidine_metabolism	0	0	0	0	0	0	0	0	0	0	0	0	0	0	0	0	0	0	0	0	0	0	0	0	0	0	0	0	0	0	0	0	0	0	0	0	0	0	0	0	0	0	0	0	0	0	0	0	0	0	0	0	0	0	0	0	0	3	0	0	0	0	0	0	0	0	0	0	0	0	0	0	0	0	0	2	0	0	6	0	0	0	0	0	0	0	0	0	0	0	0	6	0	4	0	0	0	2	0	0	0	0	0	0	0	0	0	0	0	0	0	0	2	0	0	0	0	0	0	0	0	2	0
Pyruvate_metabolism	0	0	0	0	2	0	0	0	0	0	0	0	0	0	0	0	0	0	0	0	2	0	0	0	0	0	0	0	0	0	0	0	0	0	0	3	0	0	0	0	0	0	0	0	0	0	0	0	0	0	0	0	0	0	0	0	0	0	0	5	0	0	0	0	0	0	0	0	0	0	0	3	0	0	3	0	0	4	0	0	0	0	0	0	0	0	0	0	0	0	3	3	0	0	0	0	0	0	0	0	0	0	0	3	0	0	0	0	0	0	0	0	0	0	0	0	2	0	0	0	0	0	0
RIG-I-like_receptor_signaling_pathway	0	0	0	0	0	0	0	0	0	0	0	0	0	0	0	0	0	0	0	0	0	0	0	0	0	0	4	0	0	0	0	0	0	0	0	0	0	0	0	0	0	6	0	0	5	6	4	5	0	0	0	0	0	0	0	0	0	0	0	0	0	0	0	0	0	0	0	0	5	0	0	0	0	3	0	0	0	0	6	0	0	4	0	0	0	0	0	0	7	6	4	6	0	3	0	0	0	0	0	0	0	0	0	0	0	0	0	0	0	0	0	0	0	0	2	0	0	4	0	0	0	0	0
RNA_degradation	0	0	0	0	0	0	0	0	0	0	0	0	0	0	0	0	0	0	0	0	0	0	0	0	0	0	0	0	0	0	0	0	3	0	0	0	0	0	0	0	0	0	0	0	0	0	0	0	0	0	0	0	0	0	0	0	0	0	0	0	0	0	0	0	0	0	0	0	0	0	0	0	0	3	0	0	0	0	0	0	0	0	0	0	0	0	0	0	0	0	0	0	0	0	0	0	0	0	0	0	2	0	0	0	2	0	0	0	0	0	0	0	0	0	0	0	0	0	0	0	0	0	0
Regulation_of_actin_cytoskeleton	0	0	0	0	0	0	0	0	0	0	0	0	0	0	0	0	0	0	0	0	0	3	3	0	0	0	0	0	0	0	0	0	0	4	0	0	0	0	0	0	0	0	0	0	0	0	0	0	0	0	0	0	0	0	0	0	0	0	0	0	0	0	0	0	0	0	0	0	0	0	0	0	0	0	0	0	0	0	0	0	0	0	0	0	0	0	0	0	0	0	0	0	0	0	0	0	0	0	0	0	0	0	0	0	0	0	0	0	0	0	2	0	0	0	0	0	0	0	0	0	0	0	0
Renal_cell_carcinoma	0	0	0	0	0	0	0	0	0	0	0	0	0	0	0	0	0	0	0	0	0	0	0	0	0	0	0	0	0	0	0	0	0	0	0	0	0	0	0	0	0	0	0	0	0	0	0	0	0	0	0	0	0	0	0	0	0	0	0	0	0	0	0	0	0	0	0	0	0	0	0	0	0	0	0	0	0	0	0	0	0	0	0	0	0	0	0	0	0	0	0	0	0	0	0	0	0	0	0	0	0	0	0	0	0	0	0	0	2	0	0	0	0	0	0	0	0	0	0	0	0	0	0
Renin-angiotensin_system	0	0	0	0	0	0	0	0	0	0	0	0	0	0	0	0	0	0	0	0	0	0	0	0	0	0	0	0	0	0	0	0	0	0	0	0	0	0	0	0	0	0	0	0	0	0	0	0	0	0	0	0	0	0	0	0	0	0	0	0	0	0	0	0	0	0	0	0	0	0	0	0	0	0	0	0	0	0	0	2	0	0	0	0	0	0	0	0	0	0	0	0	0	0	0	0	0	0	0	0	0	0	0	0	0	0	0	0	0	0	0	0	0	0	0	0	0	0	0	0	0	0	0
Rheumatoid_arthritis	0	0	2	0	2	0	0	3	2	9	0	0	0	0	0	0	0	0	0	0	4	3	0	0	0	0	18	0	0	6	2	0	0	0	0	0	0	0	0	0	3	5	0	5	7	9	4	6	6	0	0	0	0	4	0	0	3	3	2	18	4	0	2	3	0	0	2	0	12	0	0	11	16	12	0	2	0	13	9	14	4	6	0	2	6	0	0	3	8	7	7	9	5	5	2	0	5	2	2	0	3	0	0	3	0	0	0	3	0	2	0	4	0	0	0	0	5	0	0	2	0	0	0
Riboflavin_metabolism	0	0	0	0	2	0	0	0	0	0	0	0	0	0	0	0	0	2	0	0	0	0	0	0	0	0	0	0	0	0	0	0	0	0	0	0	0	0	0	0	0	0	0	0	0	2	0	0	0	0	0	0	0	0	0	0	0	0	0	0	0	0	0	2	0	0	0	0	0	0	0	0	0	0	0	0	0	0	0	0	0	0	0	0	0	0	0	0	0	0	2	0	0	0	0	0	0	0	0	0	0	0	0	2	0	0	0	0	0	0	0	0	0	0	0	0	0	0	0	0	0	0	0
SNARE_interactions_in_vesicular_transport	0	0	0	0	0	0	0	0	0	0	0	0	0	0	0	0	0	0	0	0	0	0	0	0	0	0	0	0	0	0	0	0	0	0	0	0	0	0	0	0	0	0	0	0	0	0	0	0	0	0	0	0	0	0	0	0	0	0	0	0	0	0	0	0	0	0	0	0	0	0	0	0	0	0	0	0	0	0	0	0	0	0	0	0	0	0	0	0	0	0	0	0	0	2	0	0	0	0	0	0	0	0	0	0	0	0	0	0	0	0	0	2	0	0	0	0	0	0	0	0	0	0	0
Salivary_secretion	0	2	0	0	2	0	0	0	0	0	0	5	0	0	0	0	0	0	0	0	3	0	0	0	0	0	0	0	0	0	0	0	0	0	0	0	0	0	0	5	0	0	0	2	0	0	0	0	3	0	0	0	0	0	0	0	0	0	0	6	0	0	0	0	0	0	2	2	0	0	0	0	6	0	0	0	0	0	0	5	0	0	0	0	0	0	2	0	0	0	0	0	0	0	0	0	0	0	0	0	0	0	0	4	0	0	0	0	0	0	0	0	0	2	0	0	0	0	0	0	0	0	0
Shigellosis	0	0	0	0	0	0	0	0	0	4	0	0	0	0	0	0	0	0	0	0	0	0	2	0	0	0	0	0	0	0	0	0	0	0	0	0	0	0	0	0	0	0	0	0	0	0	0	0	0	0	0	0	0	2	0	0	0	0	0	0	0	0	0	0	0	0	0	0	0	0	0	0	0	0	0	0	0	0	4	0	2	4	0	0	0	0	0	0	0	0	0	0	0	0	0	0	0	0	0	0	0	0	0	0	0	0	0	0	0	0	2	0	0	0	0	0	0	0	0	0	0	0	0
Small_cell_lung_cancer	0	0	0	0	0	3	0	0	0	0	0	0	0	0	0	0	0	0	0	0	0	0	0	0	0	0	0	0	0	0	0	0	0	0	0	0	0	0	0	0	0	0	0	0	0	0	0	0	0	3	0	0	0	0	0	0	0	0	0	0	0	0	0	0	0	0	0	3	0	0	0	0	0	0	0	0	0	0	0	0	0	0	0	0	0	0	0	0	0	0	0	0	0	0	0	0	0	0	0	0	0	0	0	0	0	0	0	0	2	0	0	0	0	0	0	0	0	0	0	0	0	0	0
Staphylococcus_aureus_infection	0	0	2	0	0	3	0	3	0	0	0	7	0	7	0	0	0	0	0	0	0	3	0	0	4	0	18	4	0	9	3	0	0	0	2	0	0	0	0	7	2	0	0	8	4	4	5	0	2	0	0	0	0	4	2	2	8	3	0	18	2	0	0	3	0	0	3	0	15	0	0	6	17	10	0	0	0	8	4	13	0	0	0	2	7	0	0	0	7	0	4	7	5	5	2	0	4	0	0	0	0	0	2	4	0	0	3	0	0	0	0	2	0	0	0	0	0	0	0	0	2	0	0
Steroid_biosynthesis	0	0	0	0	0	0	0	0	0	0	0	0	0	0	0	0	0	2	0	0	0	0	0	0	3	0	0	2	0	0	0	0	0	0	0	0	0	0	0	2	0	0	0	0	0	0	0	0	0	0	0	0	0	0	0	0	0	0	2	4	0	0	0	0	0	0	0	0	0	0	0	0	0	0	3	0	0	0	3	0	2	3	0	0	0	0	0	0	0	0	0	2	0	0	0	0	0	0	0	0	0	0	0	2	0	0	0	0	0	0	0	0	0	0	0	0	2	0	0	0	0	0	0
Steroid_hormone_biosynthesis	0	0	0	0	0	0	0	0	0	0	0	0	2	0	0	0	0	0	0	0	0	0	0	0	0	0	0	0	0	0	0	0	0	0	0	0	0	0	0	0	0	0	0	0	0	0	0	0	0	0	0	0	0	0	0	0	0	0	0	0	2	0	0	0	0	0	0	0	0	0	0	0	0	0	0	0	0	0	0	0	2	0	0	0	0	0	0	0	0	0	0	0	0	0	0	0	0	0	0	0	0	0	0	0	0	0	0	0	0	0	0	0	0	0	0	0	0	0	0	0	0	0	0
Systemic_lupus_erythematosus	0	0	0	0	0	0	0	4	0	0	0	0	0	5	0	0	0	0	0	0	0	3	0	0	0	0	17	0	0	7	0	0	0	2	2	0	0	0	0	0	2	0	0	7	6	8	6	0	0	0	0	0	0	0	0	0	4	0	0	17	0	0	0	3	0	0	2	0	16	0	0	8	14	11	0	0	0	6	8	13	0	7	2	2	7	0	0	0	9	0	7	0	7	5	0	0	0	0	0	0	0	0	0	6	0	0	0	0	0	0	0	4	0	0	2	0	0	0	0	2	3	0	0
Terpenoid_backbone_biosynthesis	0	0	0	0	0	0	0	0	0	0	0	0	0	0	0	0	0	0	0	0	0	0	0	0	0	0	0	0	0	0	0	0	0	0	0	0	0	0	0	2	0	0	0	0	0	0	0	0	0	0	0	0	0	0	0	0	0	0	2	2	0	0	0	0	0	0	0	0	0	0	0	0	0	0	0	0	0	0	0	0	0	0	0	0	0	0	0	0	0	0	0	0	0	0	0	0	0	0	0	0	0	0	0	2	0	0	0	0	0	0	0	0	0	0	0	0	0	0	0	0	0	0	0
Thyroid_cancer	2	0	0	0	0	0	0	0	0	0	0	0	0	0	0	0	0	0	0	0	0	0	0	0	0	0	0	0	0	0	0	0	2	0	0	0	0	0	0	0	0	0	0	0	0	0	0	0	0	0	0	0	0	0	0	0	0	0	0	3	0	0	0	0	0	0	0	0	0	0	0	0	0	0	0	0	0	0	0	0	0	0	0	0	0	0	0	0	0	0	0	0	0	0	0	0	0	0	0	0	0	0	0	0	0	0	0	0	0	0	0	0	0	0	0	0	2	0	0	0	0	0	0
Tight_junction	0	0	0	2	0	0	0	0	0	0	0	0	0	0	0	0	0	0	0	0	0	0	3	0	0	0	0	4	0	0	0	0	4	2	0	0	0	0	0	0	0	0	0	0	0	0	0	0	0	0	0	0	0	0	0	0	0	0	0	0	0	0	0	0	0	0	0	0	0	0	0	0	0	0	0	0	0	0	0	0	0	0	0	2	0	0	0	0	0	0	0	0	0	0	0	0	0	0	0	0	0	0	0	0	0	0	0	0	0	0	2	0	0	0	0	0	0	0	0	0	0	0	0
Toll-like_receptor_signaling_pathway	3	0	0	0	0	0	0	0	0	8	0	5	0	0	0	0	0	0	0	0	0	2	0	0	0	0	12	0	0	0	0	0	0	0	0	4	0	0	0	0	0	5	0	3	4	6	3	6	3	0	0	0	0	3	0	0	0	0	0	9	0	0	3	0	0	0	0	0	10	0	0	8	8	10	0	0	0	5	6	6	3	6	3	0	2	0	0	0	7	7	7	7	5	0	0	0	0	0	0	0	3	0	0	0	0	0	0	0	0	0	0	0	0	0	3	0	4	0	0	0	0	0	0
Toxoplasmosis	0	0	0	0	0	0	0	0	0	7	0	6	0	3	4	0	0	0	0	0	0	4	0	0	0	0	12	0	0	6	0	0	0	0	0	0	0	0	0	0	2	0	0	5	7	0	3	6	0	4	0	0	0	0	0	0	0	0	0	12	4	0	0	0	2	0	2	0	14	0	0	8	11	7	0	0	0	0	8	11	3	7	2	2	5	0	0	0	0	6	0	0	5	0	0	0	5	0	0	0	0	0	0	0	0	0	0	0	0	0	0	3	0	0	2	0	0	0	0	0	0	0	0
Tryptophan_metabolism	0	0	0	0	0	0	0	2	0	0	0	0	2	0	0	0	0	0	0	0	2	0	0	0	0	0	0	0	0	0	3	0	0	0	0	0	0	0	0	0	0	4	2	0	4	4	0	4	0	0	0	0	0	2	0	0	0	0	0	4	2	0	0	0	0	0	0	0	5	0	0	3	0	0	0	0	0	0	0	3	0	0	0	0	0	0	0	0	4	4	0	0	0	2	0	0	0	0	0	0	0	0	0	0	0	0	2	0	0	0	0	2	0	0	0	0	3	0	0	0	0	0	0
Tuberculosis	0	0	4	3	3	5	0	0	3	11	0	10	0	5	3	0	3	6	0	0	8	7	0	0	8	0	20	6	0	13	0	0	0	0	0	6	0	0	0	11	2	0	0	8	8	0	0	0	3	0	0	3	2	4	6	3	7	4	0	21	7	4	0	4	0	0	7	3	17	0	0	10	24	15	8	0	0	12	14	17	4	10	0	2	6	3	0	0	12	0	8	12	8	5	3	0	7	0	0	0	0	0	0	8	0	0	4	4	3	0	0	4	0	3	3	0	7	5	0	4	0	0	0
Type_I_diabetes_mellitus	0	0	0	0	0	0	0	2	0	3	0	0	0	0	0	0	0	0	0	0	0	2	0	0	3	0	11	0	0	5	2	0	0	0	0	0	0	0	0	0	2	0	0	3	5	4	3	3	0	0	0	0	0	2	0	0	0	2	0	12	2	0	0	0	0	0	2	0	9	0	0	6	10	5	0	0	0	5	5	10	0	3	0	2	5	0	0	0	4	0	5	4	4	0	0	0	0	0	0	0	0	0	0	2	3	0	0	2	0	0	0	0	0	0	0	0	3	0	0	2	0	0	0
Ubiquitin_mediated_proteolysis	0	0	0	0	0	0	3	0	0	0	0	0	0	3	0	0	0	0	0	0	0	0	0	0	0	2	0	0	0	0	0	0	0	0	0	0	0	0	0	0	0	0	0	0	0	0	0	5	0	0	0	0	0	0	0	0	0	0	0	0	0	0	0	0	0	0	0	0	0	0	0	0	0	0	0	0	0	0	0	0	0	0	0	0	0	0	0	0	0	0	0	0	0	0	0	0	0	0	0	0	0	0	0	0	0	0	0	0	0	0	0	0	0	0	0	0	0	0	0	0	0	0	0
Valine,_leucine_and_isoleucine_degradation	0	0	0	0	0	0	0	0	0	0	0	0	0	0	0	0	0	0	0	0	2	0	0	0	0	0	0	0	0	0	0	0	0	0	0	0	0	0	0	0	0	0	0	0	0	0	0	0	0	0	0	0	0	0	0	0	0	0	0	0	0	0	0	0	0	0	0	0	0	0	0	3	0	0	0	0	0	0	0	0	0	0	0	0	0	0	0	0	0	0	0	0	0	0	0	0	0	0	0	0	0	0	0	0	0	0	0	0	0	0	0	0	0	0	0	0	0	0	0	0	0	0	0
Vascular_smooth_muscle_contraction	0	0	0	0	0	0	0	0	0	0	0	0	0	0	0	0	0	0	0	0	0	0	0	0	0	0	0	0	0	0	0	0	0	0	0	0	0	0	0	0	0	0	0	0	0	0	0	0	0	0	0	0	0	0	0	0	0	0	0	0	0	0	0	0	0	0	0	0	0	0	0	0	0	0	0	0	0	0	0	0	0	0	0	0	0	0	0	0	0	0	0	0	0	0	0	0	0	0	0	0	0	0	0	5	0	0	0	0	0	0	0	0	0	2	0	0	0	0	0	0	0	0	0
Vibrio_cholerae_infection	0	0	0	0	0	0	0	0	0	0	0	0	0	0	0	0	0	0	0	0	0	0	2	0	0	0	0	3	0	0	0	0	0	0	0	0	0	0	0	4	0	0	0	0	0	0	0	0	0	0	0	0	0	0	0	0	0	0	0	0	0	0	0	0	0	0	0	0	0	0	0	0	0	0	0	0	0	0	4	0	0	0	0	0	0	0	0	0	0	0	0	0	0	0	0	0	0	0	0	0	0	0	0	0	0	0	0	0	0	0	2	0	0	0	0	0	0	0	0	0	0	0	0
Viral_myocarditis	0	0	0	0	0	3	0	0	0	5	0	5	0	0	2	0	0	0	0	0	0	2	2	0	5	0	12	4	0	6	2	0	4	0	0	0	0	0	0	5	2	5	0	3	6	8	4	4	0	3	0	0	0	3	0	0	0	0	0	13	3	0	2	0	0	0	0	2	11	0	0	9	11	4	5	3	0	7	7	13	0	8	0	3	5	0	0	0	8	4	6	5	5	3	0	0	0	0	0	0	2	2	0	0	3	0	0	0	0	0	2	4	0	0	0	0	4	0	0	0	0	0	0
Vitamin_B6_metabolism	0	0	0	0	0	0	0	0	0	0	0	0	0	0	0	0	0	0	0	0	0	0	0	0	0	0	0	0	0	0	0	0	0	0	0	0	0	0	0	0	0	0	0	0	0	0	0	0	0	0	0	0	0	0	0	0	0	0	0	0	0	0	0	0	0	0	0	0	0	0	0	0	0	0	0	0	0	0	0	0	0	0	0	0	0	0	0	0	2	0	0	0	0	0	0	0	0	0	0	0	0	2	0	0	0	0	0	0	0	0	0	0	0	0	0	0	0	0	0	0	0	0	0
Wnt_signaling_pathway	0	0	0	0	0	0	0	0	0	0	0	0	0	0	0	0	0	0	0	0	0	0	0	0	0	0	0	0	0	0	0	0	0	0	0	0	0	0	0	0	0	0	0	0	0	0	0	0	0	0	0	0	0	0	0	0	0	0	0	0	0	2	0	0	0	0	0	0	0	0	0	0	0	0	0	0	0	0	0	0	0	0	0	0	0	0	0	0	0	0	0	0	0	0	0	0	0	0	0	0	0	0	0	0	0	0	0	0	0	0	0	0	0	0	0	0	0	0	0	0	0	0	0
mTOR_signaling_pathway	0	0	0	0	0	0	0	0	0	0	0	0	0	0	0	0	0	0	0	0	0	0	0	0	0	0	0	0	0	0	0	0	0	0	0	0	0	0	0	0	0	0	0	0	0	0	0	0	0	0	0	0	0	2	0	0	0	0	0	0	0	0	0	0	0	0	0	0	0	0	0	0	0	0	0	0	0	0	0	0	0	0	0	0	0	0	0	0	0	0	0	0	0	0	0	0	0	0	0	0	0	0	0	0	0	0	0	0	0	0	0	0	0	0	0	0	0	0	0	0	0	0	0
p53_signaling_pathway	0	0	0	0	0	6	0	0	0	0	0	5	0	0	0	3	0	0	0	0	0	2	0	0	6	0	0	0	0	0	0	0	3	0	0	0	0	0	3	5	0	0	0	0	0	0	0	0	0	5	0	2	0	0	4	0	0	0	0	0	0	0	0	0	0	0	0	3	0	0	0	0	6	0	4	0	0	5	0	0	0	0	0	0	0	0	0	3	5	0	0	0	0	0	0	2	0	0	0	0	3	0	2	0	0	0	0	0	2	0	0	2	0	0	0	0	0	0	0	0	0	0	0
